-1
1,3109,3608.02,296
2,104,408.01,322
0,3111,3597.64,293
-1
1,107,414.5,324
-1
1,115,415.28,335
2,3112,3602.88,296
0,3117,3605.35,295
-1
1,123,416.54,342
0,131,415.72,349
-1
1,3122,3600.53,295
0,131,418.53,355
-1
2,3133,3602.24,295
0,139,419.19,354
-1
1,3135,3597.49,294
0,3137,3617.52,295
-1
1,145,413.91,357
0,167,450.67,340
-1
1,3178,3715.67,298
0,3198,3724.46,295
-1
1,170,450.59,341
0,3245,3644.75,291
-1
1,170,449.38,340
0,3236,3730.82,294
-1
1,173,450.18,347
0,3244,3729.63,298
-1
1,171,451.9,330
0,3250,3735.74,294
-1
1,176,450.6,336
0,181,455.08,339
-1
1,3269,3743.83,302
0,186,456.41,341
-1
1,3267,3748.71,304
-1
1,195,457.77,332
2,3277,3748.8,303
0,191,464.78,337
-1
1,3287,3758.87,301
0,201,468.17,338
-1
1,3326,3802.08,304
0,203,468.02,338
-1
1,3330,3810,302
0,202,465.96,347
-1
1,3347,3817.94,297
0,210,469.77,345
-1
1,3363,3822.98,298
0,3378,3831.94,295
-1
1,211,471.9,346
0,3416,3809.68,297
-1
1,215,476.59,349
0,3451,3819.1,284
-1
1,217,476.51,344
0,220,477.8,349
-1
1,3469,3820.86,285
0,3478,3825.85,291
-1
1,222,480.61,347
-1
1,3492,3832.89,290
2,223,489.74,354
-1
1,227,494.58,350
2,3517,3832.68,280
-1
1,232,497.7,351
2,3590,3827.7,274
0,3612,3830.15,275
-1
2,240,502.58,344
0,3626,3835.27,302
-1
2,240,505.49,334
-1
1,243,505.19,329
-1
1,245,507.08,320
2,4,64.99,356
0,0,113.11,355
-1
2,254,513.56,319
0,2,145.14,307
-1
2,259,515.29,312
0,5,179.98,300
-1
2,267,514.37,312
0,0,225.5,303
-1
2,258,516.12,307
-1
1,261,513.93,309
2,0,256.04,315
0,2,252.57,295
-1
2,264,513.78,306
0,263,513.75,305
-1
1,0,358.51,324
-1
1,0,368.64,318
2,262,508.22,303
0,0,380.09,321
-1
2,264,506.14,302
-1
1,0,380.33,310
3,263,503.06,305
0,0,358.47,303
-1
1,268,497.65,308
0,0,369.44,307
-1
2,264,501.05,310
0,259,497.52,309
-1
2,0,354.72,300
0,257,494.85,312
-1
2,12,355.88,293
0,255,492,309
-1
2,28,363.51,298
-1
1,31,367.91,315
2,246,486.99,308
0,59,364.4,317
-1
1,247,484.13,311
-1
1,66,367.41,313
2,249,480.58,306
-1
1,88,357.76,308
2,254,480.35,309
-1
1,95,375.21,296
2,256,480.68,315
0,95,393.94,308
-1
1,263,476.66,321
-1
1,260,478.55,298
2,92,416.06,309
-1
1,262,481.13,294
2,101,417.34,326
-1
1,113,418.76,337
2,253,477.97,286
0,148,475.34,335
-1
1,253,477.24,270
0,251,474.87,267
-1
1,167,469.38,313
0,211,475.25,444
-1
-1
1,205,478.23,451
-1
1,210,481.94,452
-1
1,204,478.57,469
-1
1,152,519.46,461
0,218,496.26,447
-1
-1
1,225,508.92,442
-1
1,231,517.6,427
-1
1,236,530.38,429
0,244,543.32,433
-1
0,223,606.42,467
-1
-1
1,243,479.94,236
2,220,614.12,461
0,237,461.55,248
-1
1,319,630.23,305
-1
1,324,644.78,305
2,239,456.38,260
-1
1,242,447.62,278
2,337,654.55,309
-1
1,246,441.3,276
2,350,676.84,313
-1
1,246,438.22,285
2,358,675.07,315
-1
1,246,442.18,288
2,355,671.7,316
-1
1,248,443.9,295
2,354,661.19,315
-1
1,251,440.81,297
2,364,652.37,323
-1
1,250,442.17,299
2,371,655.6,317
-1
1,251,440.74,304
2,370,653.7,317
0,253,437.35,304
-1
1,389,653.64,322
0,257,437.83,305
-1
1,401,652.68,328
0,412,659.39,324
-1
1,254,436.42,304
0,254,433.5,304
-1
1,422,654.72,323
0,253,434.41,303
-1
1,426,662.79,309
-1
2,431,668.08,301
3,252,436.08,301
-1
1,449,681.38,297
2,249,438.6,302
0,251,442.36,301
-1
2,457,683.58,288
0,258,437.94,300
-1
1,467,690.49,281
0,262,438.04,302
-1
1,497,720.91,291
0,266,441.68,301
-1
1,493,735.74,287
0,269,439.59,303
-1
2,496,740.27,284
-1
1,269,440.64,303
2,499,747.36,295
0,269,438.31,306
-1
1,499,753.96,295
-1
1,273,438.55,307
2,506,755.85,298
-1
2,509,761.48,305
3,274,441.86,305
-1
2,520,767.42,303
3,272,441.98,306
0,270,438.47,306
-1
1,534,764.06,299
0,548,768.38,302
-1
1,269,432.84,309
0,574,774.57,303
-1
1,275,428.4,312
-1
2,276,427.19,309
4,585,775.89,300
-1
1,273,424.62,308
3,597,784.95,297
-1
1,271,422.83,307
2,602,791.46,302
-1
1,273,424.5,306
3,605,797.94,308
-1
1,272,425.15,300
3,605,800.67,304
-1
2,271,427.18,301
3,608,799.48,312
-1
1,269,427.11,301
2,608,805.52,318
-1
1,261,424.04,303
2,614,810.33,321
0,614,808.45,327
-1
1,265,423.88,305
0,618,807.14,327
-1
1,264,429.28,302
-1
1,271,430.28,299
2,623,807.44,327
-1
1,266,429.76,297
3,628,806.6,331
0,624,798.39,331
-1
2,262,428.35,298
0,627,802.75,325
-1
1,261,429.6,292
-1
1,630,799.84,325
2,259,428.08,292
-1
1,268,436.25,287
2,635,796.2,322
-1
1,635,800.76,306
2,261,435.06,292
0,639,796.36,300
-1
1,261,434.06,290
-1
1,640,795.36,297
2,257,430.98,287
0,642,793.49,298
-1
1,262,435.01,283
0,644,793.01,301
-1
1,266,435.32,282
0,262,432.89,282
-1
1,645,792.34,302
-1
1,646,795.21,303
2,264,434.45,280
-1
1,648,793.59,311
2,262,433.73,278
0,259,434.41,279
-1
1,647,797.46,312
0,260,434.05,280
-1
1,646,797.27,315
0,260,431.93,279
-1
1,646,799.91,316
-1
1,647,797.49,323
2,259,430.73,277
0,258,431.14,276
-1
1,649,797.81,326
-1
1,652,798.11,328
2,258,428.96,275
-1
1,653,796.14,326
2,260,427.17,275
-1
1,651,795.78,324
2,259,426.55,274
-1
1,653,798.45,323
3,260,427.05,272
-1
1,654,796.61,315
4,261,427.69,272
-1
1,654,797.09,297
3,260,430.21,268
-1
1,655,800.98,281
3,258,429.65,268
-1
1,655,801.47,278
3,256,429.99,268
-1
1,655,799.94,275
4,254,428.85,271
-1
1,660,791.95,271
3,253,429.94,268
-1
1,257,431.82,270
4,659,789.29,265
-1
1,258,429.77,271
3,659,788.21,254
-1
1,660,784.52,256
4,255,427.16,273
-1
2,659,785.87,256
4,254,428.14,271
0,658,780.41,256
-1
1,254,429.73,271
0,656,778.1,261
-1
1,252,427.24,273
-1
2,645,788.74,286
4,249,427.19,274
-1
1,651,773.89,266
2,249,424.72,273
0,249,422.02,274
-1
1,643,786.66,283
0,245,419.58,278
-1
1,648,769.65,275
0,244,418.85,283
-1
1,644,765.6,251
-1
1,637,758.93,243
2,244,418.24,283
0,629,753.49,245
-1
1,243,417.8,280
-1
1,622,748.06,249
2,243,410.76,280
-1
1,621,743.73,236
2,244,410.86,279
-1
1,616,735.7,236
2,245,408.95,281
-1
1,612,734.05,234
2,243,408.06,281
-1
1,245,405.84,281
2,609,734.38,237
-1
1,241,408,275
2,586,727.94,221
-1
1,241,406.45,276
2,582,730.02,230
-1
1,241,407.51,275
2,583,725.65,227
-1
1,242,409.22,272
2,583,723.69,225
-1
1,243,407.13,274
2,582,720.84,226
-1
1,242,406.08,273
2,581,715.63,219
-1
1,241,406.12,269
3,581,713.06,221
-1
1,242,407.1,267
2,577,709.83,220
-1
1,242,406.37,266
3,574,702.53,219
-1
1,240,405.52,264
3,572,698.36,222
-1
1,239,405.07,264
2,569,690.22,226
-1
1,239,403.94,265
2,567,682.24,227
0,564,680.55,227
-1
1,239,409.64,262
0,242,411.78,259
-1
1,561,671.9,230
0,562,669.71,231
-1
1,242,414.45,259
-1
1,240,411.19,260
2,563,664.93,233
-1
1,241,412.38,262
2,565,664.02,232
-1
1,241,412.64,263
2,562,661.66,237
0,244,414.71,265
-1
2,559,660.82,233
0,559,659.27,230
-1
1,244,413.41,267
0,558,658.39,227
-1
1,244,411.03,268
0,554,656.56,228
-1
1,245,411.19,269
-1
1,243,411.73,268
2,551,657.12,226
-1
1,244,411.94,271
2,549,657.23,227
-1
1,243,413.78,266
2,548,653.49,229
-1
1,245,416.16,268
2,544,649.79,238
-1
1,246,412.81,271
2,543,647.86,240
-1
1,246,415.73,271
2,536,628.16,223
-1
1,243,413.75,270
2,532,626.17,225
-1
1,245,416.52,268
2,532,626.73,228
-1
1,243,416.54,266
2,529,623.91,223
0,529,617.15,224
-1
2,244,415.03,271
0,244,413.99,272
-1
1,526,615.39,226
0,520,610.21,227
-1
1,243,413.66,269
0,243,412.02,266
-1
1,511,611.64,228
0,240,409.43,263
-1
1,510,604.42,228
0,239,411.32,264
-1
1,509,599.01,231
0,238,414.96,263
-1
1,499,599.16,229
-1
1,238,415.62,267
2,500,594.8,224
-1
1,236,416.07,266
2,498,593.67,224
-1
1,233,416.62,260
2,493,590.17,227
-1
1,236,415.3,263
2,490,589.93,228
-1
1,489,589.13,228
2,237,412.06,267
-1
1,488,587.16,225
2,232,412.57,272
-1
2,227,413.53,272
4,487,585.11,223
-1
1,224,412.4,285
2,485,584.06,218
-1
1,221,409.99,294
2,482,583.29,217
-1
1,217,411.04,302
2,482,581.74,217
-1
1,217,408.71,303
3,482,580.83,208
-1
1,214,412.45,303
2,481,577.55,208
-1
1,482,573.86,207
2,210,415.4,304
-1
1,483,570.02,203
2,208,411.2,310
-1
1,198,413.23,293
2,452,558.17,206
-1
1,197,411.36,293
2,452,557.48,206
-1
1,200,407.7,291
2,452,556.83,208
-1
1,192,369.94,305
2,455,553.17,209
-1
1,190,370.13,304
2,453,554.84,209
-1
1,180,366.94,310
2,452,550.33,201
-1
1,447,551.22,198
2,180,359.45,303
-1
1,444,550.83,199
2,176,355.81,304
-1
1,442,548.28,200
2,164,352.38,305
-1
1,441,546.48,203
2,165,347.4,295
0,161,341.5,290
-1
2,437,546.36,203
-1
1,434,539.21,206
2,160,338.03,280
-1
1,438,537.05,202
2,148,335.64,282
-1
1,131,336.77,294
2,435,519.91,217
0,429,509.84,216
-1
1,131,334,307
0,427,508.39,217
-1
1,133,334.83,308
0,425,506.5,213
-1
1,124,335.76,339
-1
1,128,335.94,350
2,423,498.13,213
-1
1,124,332.76,351
2,421,492.52,216
-1
1,110,333.19,351
2,417,494.91,215
-1
1,106,330.68,362
2,413,494.65,213
-1
1,410,497.92,217
2,101,322.21,356
0,97,315.28,354
-1
2,409,495.04,214
0,79,323.54,339
-1
1,406,494.91,212
0,85,316.4,339
-1
1,406,497.03,207
0,405,494.95,207
-1
2,75,307.6,345
-1
1,70,297.37,347
2,393,479.57,193
0,66,301.78,348
-1
1,391,476.98,194
0,68,296.59,348
-1
1,388,477.05,200
0,389,470.31,191
-1
1,61,290.14,344
-1
1,61,286.8,337
-1
1,51,289.05,334
-1
-1
-1
1,41,283.61,307
-1
1,18,233.91,300
-1
1,1,246.75,314
-1
1,1,245.84,312
-1
1,0,249.41,302
-1
1,0,248.73,288
-1
1,0,244.81,284
-1
2,0,231.53,280
-1
2,0,220.53,277
-1
1,352,428.15,173
2,3,209.07,275
-1
2,6,199.7,271
-1
2,5,192.86,280
-1
1,4,191.52,288
-1
1,0,204.99,313
3,3693,3832.83,331
-1
1,3684,3828.16,332
-1
1,3670,3826.56,315
-1
1,3661,3828.68,320
-1
3,3661,3828.4,318
-1
3,3666,3829.77,313
-1
1,3660,3835.82,314
-1
1,3655,3837.19,314
-1
3,3646,3835.32,308
-1
3,3642,3840.6,323
-1
-1
2,3613,3837.38,327
-1
1,3594,3826.18,292
-1
1,3498,3835.02,293
-1
1,3505,3827.85,305
-1
0,3473,3803,291
-1
-1
1,3459,3780.78,291
0,3461,3772.24,273
-1
-1
1,3433,3763.94,283
-1
1,3425,3762.55,273
-1
-1
-1
1,3359,3703.42,271
-1
1,3352,3699.32,262
-1
-1
1,3337,3655.79,270
-1
-1
1,3316,3616.42,273
-1
-1
-1
-1
0,3261,3553.81,280
-1
0,3198,3510.8,335
-1
0,3196,3508.22,329
-1
0,3184,3502.98,346
-1
0,3172,3489.05,351
-1
0,3167,3481.66,351
-1
0,3159,3484.13,357
-1
0,3157,3473.88,349
-1
-1
1,3160,3467.13,345
0,3156,3451.39,350
-1
-1
1,3155,3439.04,355
0,3154,3424.28,335
-1
0,3154,3407.78,327
-1
0,3147,3399,316
-1
0,3141,3396.77,305
-1
0,3139,3386.19,288
-1
0,3138,3387.22,284
-1
0,3135,3386.66,287
-1
0,3140,3374.78,294
-1
0,3140,3375.09,292
-1
0,3102,3350.04,288
-1
0,3103,3348.35,294
-1
0,3097,3341.64,296
-1
-1
1,3088,3334.61,302
-1
1,3078,3336.91,306
0,3070,3337.82,313
-1
-1
1,3060,3332.65,311
-1
1,3047,3330.6,319
0,3043,3319.02,303
-1
0,3035,3308.67,301
-1
0,3034,3305.66,299
-1
0,3036,3300.22,294
-1
0,3039,3294.84,293
-1
0,3040,3281.44,293
-1
0,3043,3267.13,296
-1
0,3047,3255.89,297
-1
0,3043,3257.52,296
-1
0,3044,3254.03,302
-1
0,3045,3250.32,308
-1
0,3042,3249.67,310
-1
0,3042,3245.51,312
-1
0,3039,3246.95,309
-1
0,3042,3245.35,310
-1
0,3043,3245.06,315
-1
0,3042,3246.64,318
-1
0,3043,3250.95,322
-1
0,3043,3252.64,322
-1
0,3043,3253.81,311
-1
0,3057,3244.67,317
-1
0,3052,3243.98,317
-1
0,3050,3247.81,310
-1
-1
1,3053,3242.06,308
-1
1,3051,3233.68,300
-1
2,3049,3229.29,300
-1
1,3044,3230.67,295
-1
2,3045,3225.07,296
-1
2,3047,3228.09,297
-1
1,3046,3224.92,295
-1
2,3044,3224.04,295
-1
2,3048,3224.2,298
-1
1,3045,3227.51,295
-1
1,3049,3219.53,298
-1
1,3043,3211.14,296
-1
1,3039,3208.33,293
-1
1,3040,3204.83,293
-1
2,3033,3205.16,293
0,3036,3206.73,293
-1
0,3033,3206.1,290
-1
0,3029,3202.8,287
-1
0,3030,3207.37,284
-1
0,3031,3209.37,280
-1
0,3037,3206.94,273
-1
0,3033,3207.19,263
-1
-1
2,3001,3187.51,247
-1
2,3003,3183.57,245
0,3002,3184.48,241
-1
0,3004,3181.73,240
-1
-1
2,3002,3180.76,241
-1
2,2996,3184.24,235
-1
2,2996,3182.14,239
-1
2,2999,3177.57,242
-1
2,3045,3168.92,244
-1
2,3046,3166.81,241
0,3049,3166.37,245
-1
0,3048,3166.15,253
-1
0,3048,3166.49,251
-1
-1
2,3050,3167.44,246
0,3056,3167.39,251
-1
-1
1,3059,3171.59,245
0,3057,3171.44,244
-1
-1
1,3056,3170.99,246
-1
1,3057,3167.29,247
-1
1,3059,3170.98,245
-1
1,3060,3172.18,236
0,3059,3177.12,234
-1
0,3061,3174.76,232
-1
0,3064,3174.95,235
-1
-1
1,3066,3174.21,241
-1
1,3067,3173.41,240
-1
1,3073,3173.58,236
-1
1,3075,3175.74,238
-1
1,3072,3176.25,242
-1
1,3074,3180.84,240
0,3074,3181.83,241
-1
0,3076,3183.72,240
-1
-1
1,3077,3184.99,240
-1
2,3077,3184.58,237
-1
2,3076,3186.24,236
-1
2,3077,3185.87,229
-1
2,3078,3188.79,227
-1
2,3082,3190.48,228
0,3082,3188.22,236
-1
-1
1,3083,3190.86,239
-1
1,3083,3187.93,235
-1
1,3084,3187.68,233
-1
1,3084,3187.03,230
-1
2,3085,3185.92,222
-1
2,3085,3184.8,216
-1
2,3086,3184.6,209
-1
1,3088,3186.29,208
-1
1,3089,3187.29,208
-1
1,3090,3188.08,204
-1
1,3092,3188.09,202
-1
1,3093,3188.37,204
-1
1,3094,3187.79,203
-1
1,3097,3185.55,203
-1
1,3103,3188.8,202
-1
1,3099,3188.77,202
-1
1,3098,3190.33,201
-1
1,3097,3194.45,199
-1
1,3105,3197.34,196
-1
1,3105,3197.07,201
-1
1,3114,3194.12,207
-1
1,3111,3200.86,199
-1
1,3116,3205.77,208
0,3121,3207.03,204
-1
0,3119,3207.86,201
-1
-1
1,3123,3210.49,203
0,3125,3211.22,203
-1
-1
1,3125,3212.38,203
-1
1,3123,3216.42,202
-1
1,3137,3225.74,205
-1
1,3136,3229.05,197
-1
1,3137,3231.15,194
-1
1,3141,3230.77,197
-1
1,3146,3230.09,199
-1
1,3148,3230.06,198
-1
1,3148,3228.03,199
-1
1,3150,3226.94,203
-1
1,3156,3227.74,208
-1
1,3157,3227.88,207
-1
1,3157,3229.13,204
-1
1,3163,3230.55,202
-1
1,3164,3232.46,204
-1
1,3164,3234.86,204
0,3166,3239.16,198
-1
-1
1,3171,3237.46,198
-1
1,3170,3243.18,198
-1
1,3174,3245.17,199
-1
1,3179,3249.52,196
-1
1,3181,3251.56,189
0,3182,3254.8,189
-1
0,3183,3256.93,187
-1
0,3186,3258.1,189
-1
0,3195,3259.17,191
-1
0,3196,3259.98,193
-1
-1
1,3196,3261.26,188
0,3197,3262.02,185
-1
0,3196,3265.65,167
-1
0,3202,3263.34,186
-1
-1
1,3201,3269.74,164
0,3201,3271.18,160
-1
0,3207,3272.3,158
-1
0,3209,3272.98,156
-1
0,3209,3273.9,159
-1
0,3219,3293.77,150
-1
-1
1,3219,3294.28,144
-1
1,3218,3295.59,136
0,3221,3298.84,135
-1
-1
1,3231,3297.74,112
-1
0,3241,3305.48,121
-1
0,3239,3307.91,116
-1
0,3247,3314.5,113
-1
0,3249,3317.38,110
-1
0,3256,3321.51,109
-1
-1
-1
0,3300,3363.1,154
-1
0,3301,3360.95,154
-1
0,3302,3364.93,153
-1
0,3303,3365.35,154
-1
0,3305,3371.62,151
-1
0,3306,3372.09,153
-1
-1
2,3309,3375.81,155
-1
2,3311,3375.13,158
0,3310,3372.96,158
-1
0,3778,3838.82,165
-1
1,3311,3374.66,159
0,3774,3838.4,162
-1
1,3312,3380.92,163
0,3775,3839.5,166
-1
1,3312,3383.09,163
0,3317,3390.11,159
-1
0,3318,3393.62,157
-1
0,3770,3837.98,159
-1
1,3318,3392.62,163
0,3320,3385.67,167
-1
0,3770,3836.31,168
-1
1,3322,3388.09,160
0,3766,3835.07,158
-1
1,3325,3387.39,156
0,3765,3832.97,156
-1
1,3328,3393.66,158
0,3328,3397.15,158
-1
1,3762,3833.8,154
0,3327,3397.42,156
-1
0,3329,3400.4,154
-1
0,3328,3403.49,152
-1
-1
-1
0,3332,3404.85,152
-1
0,3333,3408.1,150
-1
0,3334,3408.3,148
-1
0,3336,3409.23,150
-1
0,3342,3413.17,154
-1
0,3343,3417.78,157
-1
0,3349,3418.63,157
-1
0,3709,3787.1,135
-1
1,3353,3417.84,157
0,3369,3453.89,205
-1
0,3383,3465.38,198
-1
0,3381,3473.81,200
-1
0,3381,3471.85,197
-1
0,3383,3478.73,198
-1
0,3389,3481.33,201
-1
0,3583,3672.95,170
-1
-1
0,3438,3539.65,123
-1
0,3433,3544.13,125
-1
-1
-1
-1
-1
-1
-1
-1
-1
-1
-1
-1
-1
-1
-1
-1
0,105,232.02,227
-1
0,112,233.23,224
-1
0,116,238.42,234
-1
-1
1,120,240.57,228
0,126,247.94,233
-1
-1
1,124,246.41,225
-1
1,137,247.94,208
0,136,254.36,207
-1
0,143,254.71,201
-1
-1
1,144,260.46,201
-1
-1
1,146,265.92,195
-1
-1
-1
-1
-1
-1
-1
-1
-1
-1
-1
-1
-1
-1
-1
-1
-1
-1
-1
-1
-1
-1
-1
-1
-1
-1
-1
-1
-1
-1
-1
-1
-1
-1
-1
-1
1,268,358,185
-1
-1
-1
1,277,367.5,184
-1
-1
-1
-1
2,287,374.19,180
-1
1,288,378.75,173
0,295,380,167
-1
-1
1,300,381.69,168
-1
1,300,385.49,161
-1
-1
-1
-1
-1
1,338,419.88,158
0,337,423.97,160
-1
0,338,426.09,168
-1
0,339,435.63,172
-1
0,340,436.94,176
-1
0,342,442.6,173
-1
0,346,447.23,178
-1
0,361,459.28,199
-1
-1
1,368,463.79,202
-1
1,369,465.24,201
-1
1,371,474.16,207
0,374,476.51,207
-1
0,377,476.69,202
-1
0,378,472.57,181
-1
0,376,482.66,182
-1
-1
1,383,481.23,180
-1
1,386,480.22,182
-1
1,389,483.63,202
-1
1,389,483.68,207
-1
1,392,482.62,205
-1
1,392,482.7,202
0,394,481.56,198
-1
-1
1,395,500.37,219
-1
1,392,505.99,216
-1
1,390,509.1,216
-1
1,391,510.33,223
0,391,511.87,227
-1
-1
1,392,513.61,230
-1
1,395,515.29,224
-1
1,395,517.59,228
0,398,518.32,222
-1
0,400,519.34,224
-1
0,402,517.85,220
-1
-1
1,402,521.07,222
0,401,520.71,220
-1
0,403,527.03,216
-1
0,404,529.88,214
-1
-1
1,408,532.8,210
-1
1,411,535.11,210
0,418,533.04,212
-1
-1
1,419,531.12,211
0,421,532.96,221
-1
0,420,537.11,222
-1
0,423,538.95,217
-1
0,422,540.79,219
-1
-1
1,424,543.02,222
-1
1,426,543.84,223
-1
1,428,543.23,219
0,431,547.79,217
-1
0,432,549.05,223
-1
0,435,547.06,218
-1
0,434,547.02,220
-1
0,436,555.17,232
-1
-1
1,437,551.4,225
0,486,565.97,231
-1
2,437,534.11,222
-1
1,441,547.5,231
0,439,555.39,232
-1
-1
1,438,553.67,229
0,439,542.29,220
-1
1,485,574.95,230
0,484,574.36,240
-1
1,440,542.81,220
-1
1,440,556.39,226
-1
2,440,557.25,231
0,439,557.45,238
-1
-1
1,438,558.14,247
0,444,556.26,250
-1
-1
1,428,581.64,283
0,426,580.91,282
-1
-1
1,424,580.64,277
-1
2,423,576.58,280
-1
2,424,578.86,278
-1
1,421,576.72,280
-1
1,420,576.23,282
-1
1,412,575.03,289
0,411,576.28,289
-1
0,417,579.96,291
-1
-1
2,423,583.32,288
0,414,579.59,289
-1
-1
3,411,574.49,284
-1
1,411,571.64,285
-1
1,411,569.2,283
-1
1,409,567.26,283
-1
1,406,570.07,280
-1
1,405,567.37,277
0,405,570.18,274
-1
-1
1,400,566.72,277
0,391,562.45,281
-1
0,391,561.61,283
-1
-1
2,392,566.94,292
-1
2,392,559.69,304
-1
1,384,556.69,313
-1
2,384,558.23,316
-1
2,383,560.46,314
0,377,558.61,311
-1
-1
1,378,553.7,306
0,378,551.45,306
-1
0,378,553.03,305
-1
0,374,552.34,306
-1
0,374,548.22,301
-1
0,372,548.92,297
-1
0,373,545.4,295
-1
0,374,540.62,298
-1
0,372,541.07,294
-1
0,373,541.86,290
-1
0,371,542.76,288
-1
0,366,543.97,285
-1
0,325,518.53,279
-1
0,325,516.63,276
-1
0,323,512.21,278
-1
0,324,512.29,282
-1
0,316,501.08,270
-1
0,309,495.97,268
-1
-1
1,314,492.88,262
0,311,489.16,263
-1
0,305,486.06,263
-1
0,294,488.65,268
-1
0,284,485.66,266
-1
0,272,481.63,270
-1
0,265,480,270
-1
0,260,478.87,275
-1
0,258,479.06,274
-1
0,255,477.14,276
-1
-1
1,246,472.33,271
0,247,466.34,275
-1
0,241,460.93,278
-1
0,242,456.19,274
-1
0,242,452.64,277
-1
0,244,450.03,278
-1
0,235,445.05,277
-1
0,238,432.39,277
-1
0,235,433.32,271
-1
0,236,420.25,270
-1
0,236,414.73,267
-1
0,231,410.19,273
-1
0,233,409.3,280
-1
0,230,408.17,280
-1
0,226,409.88,290
-1
0,227,405.6,297
-1
0,225,405.55,298
-1
0,223,408.06,295
-1
0,222,406.7,294
-1
0,226,405.22,296
-1
0,227,403.74,295
-1
0,225,403.07,298
-1
0,224,403.6,297
-1
0,224,402.13,298
-1
0,225,402.61,300
-1
0,224,403.5,303
-1
0,222,404.06,302
-1
0,221,405.25,302
-1
0,220,404.15,300
-1
0,216,416.65,288
-1
0,222,403.65,300
-1
0,220,406.81,303
-1
0,219,408.38,303
-1
0,221,408.19,301
-1
0,222,405.75,304
-1
0,223,406.65,300
-1
0,222,408.59,301
-1
0,220,411.12,298
-1
0,220,410.47,299
-1
0,222,409.47,300
-1
0,222,406.35,299
-1
0,217,417.01,289
-1
0,216,416.17,289
-1
0,3372,3454.51,136
-1
1,216,417.55,288
0,3373,3454.72,137
-1
1,216,416.59,287
0,3373,3453.65,137
-1
1,216,416.47,287
0,216,416.45,288
-1
0,215,416.79,286
-1
0,221,406.06,300
-1
0,221,406.02,299
-1
0,222,405.66,300
-1
0,222,406.68,301
-1
0,220,405.87,303
-1
0,220,406.97,304
-1
