2,1623.00,2110.71,270
-1
1,1616.00,2122.85,293
-1
1,1609.00,2128.56,299
-1
1,1616.00,2140.29,305
-1
3,1623.00,2143.07,313
-1
3,1629.00,2141.34,308
-1
3,1642.00,2137.69,308
-1
3,1636.00,2133.56,309
-1
3,1637.00,2135.60,312
-1
3,1635.00,2134.65,309
-1
2,1641.00,2129.64,308
-1
2,1640.00,2128.93,305
-1
2,1645.00,2126.80,304
-1
3,1645.00,2128.27,306
-1
4,1644.00,2127.10,306
-1
3,1638.00,2123.95,304
-1
4,1640.00,2124.52,307
-1
4,1637.00,2123.06,307
-1
4,1635.00,2122.42,308
-1
4,1636.00,2122.81,308
-1
3,1631.00,2124.90,307
-1
4,1639.00,2124.21,308
-1
2,1642.00,2127.38,306
-1
4,1646.00,2127.41,304
-1
2,1645.00,2127.14,307
-1
2,1646.00,2124.46,308
-1
1,1649.00,2120.16,309
-1
4,1645.00,2122.22,307
-1
4,1645.00,2122.98,306
-1
5,1643.00,2124.34,306
-1
4,1638.00,2120.18,306
-1
1,1636.00,2117.35,307
-1
5,1635.00,2118.72,306
-1
2,1633.00,2119.48,308
-1
3,1639.00,2114.79,305
-1
2,1624.00,2109.67,303
-1
3,1623.00,2109.52,295
-1
2,1625.00,2105.79,289
-1
3,1617.00,2100.45,285
-1
3,1624.00,2094.75,273
-1
3,1674.00,2057.18,287
-1
2,1672.00,2055.07,284
-1
2,1675.00,2059.57,283
-1
1,1675.00,2061.81,281
-1
-1
1,1679.00,2060.59,280
-1
4,1682.00,2061.22,280
-1
3,1679.00,2060.91,277
-1
3,1679.00,2059.76,275
-1
4,1682.00,2056.77,276
-1
4,1677.00,2056.11,278
0,1680.00,2056.57,277
-1
-1
3,1681.00,2056.67,276
0,1681.00,2056.39,275
-1
-1
1,1681.00,2059.05,279
-1
3,1683.00,2056.78,276
-1
4,1688.00,2060.99,279
-1
3,1677.00,2062.03,284
-1
4,1679.00,2061.13,285
-1
4,1678.00,2057.10,283
-1
5,1677.00,2057.23,286
-1
5,1674.00,2066.03,288
-1
5,1675.00,2068.37,288
-1
1,1678.00,2061.73,288
-1
3,1682.00,2063.18,289
-1
4,1678.00,2070.44,293
-1
4,1622.00,2091.35,278
-1
4,1628.00,2096.35,281
-1
4,1628.00,2099.17,283
-1
4,1625.00,2095.39,285
-1
3,1627.00,2090.90,279
-1
3,1636.00,2093.32,284
-1
3,1636.00,2090.24,281
-1
3,1637.00,2089.61,282
-1
3,1664.00,2083.32,289
-1
2,1671.00,2091.52,290
-1
3,1681.00,2098.28,285
-1
2,1687.00,2104.01,284
-1
1,1688.00,2104.55,278
-1
3,1695.00,2110.57,276
-1
2,1696.00,2110.36,274
-1
3,1719.00,2134.88,269
-1
4,1727.00,2128.14,261
-1
3,1730.00,2132.85,261
-1
4,1742.00,2127.95,256
-1
1,1744.00,2131.14,269
-1
2,1744.00,2133.33,265
-1
3,1741.00,2134.20,263
-1
4,1736.00,2142.34,265
-1
4,1751.00,2137.31,258
-1
-1
5,1760.00,2129.09,253
-1
4,1767.00,2123.94,253
-1
4,1774.00,2125.88,250
-1
3,1787.00,2130.82,248
-1
3,1794.00,2120.81,246
-1
2,1802.00,2120.81,243
0,1807.00,2117.41,247
-1
-1
2,1811.00,2114.09,251
-1
2,1800.00,2119.53,258
-1
3,1805.00,2118.53,263
-1
3,1808.00,2114.50,265
-1
2,1810.00,2119.15,271
-1
3,1812.00,2110.73,273
-1
4,1815.00,2105.99,273
-1
3,1814.00,2105.31,280
-1
4,1819.00,2103.76,278
-1
4,1814.00,2101.73,294
-1
4,1808.00,2102.19,298
-1
1,1803.00,2104.61,302
-1
1,1798.00,2110.40,309
0,1790.00,2111.44,315
-1
-1
2,1784.00,2112.87,326
-1
1,1778.00,2117.53,323
-1
4,1776.00,2115.86,326
-1
1,1768.00,2118.82,324
-1
1,1754.00,2124.26,326
-1
1,1751.00,2122.95,329
-1
1,1749.00,2124.78,326
-1
1,1751.00,2125.59,321
-1
1,1751.00,2129.05,313
-1
1,1748.00,2135.49,306
-1
3,1747.00,2138.84,301
-1
3,1744.00,2138.93,303
-1
3,1750.00,2135.38,295
-1
3,1744.00,2132.52,291
-1
1,1745.00,2128.34,293
-1
2,1740.00,2130.22,295
-1
1,1747.00,2118.29,292
-1
1,1751.00,2110.24,292
-1
3,1754.00,2106.57,285
-1
3,1750.00,2108.81,282
-1
5,1756.00,2101.93,286
-1
6,1761.00,2094.35,283
-1
4,1746.00,2055.20,268
-1
4,1746.00,2047.09,291
-1
1,1747.00,2037.75,290
-1
3,1739.00,2023.90,285
-1
1,1741.00,2024.66,292
-1
4,1741.00,2025.69,303
-1
2,1740.00,2015.68,298
-1
4,1738.00,2011.65,306
-1
3,1737.00,2007.45,307
-1
3,1733.00,2001.16,314
-1
2,1728.00,1995.53,309
-1
2,1723.00,1995.34,321
-1
3,1724.00,1995.67,322
-1
2,1710.00,1999.82,309
-1
1,1714.00,1998.73,295
-1
3,1726.00,1998.67,289
-1
1,1712.00,1998.06,277
-1
2,1700.00,2003.39,276
-1
-1
-1
-1
0,1693.00,2038.93,287
-1
0,1687.00,2054.75,284
-1
-1
2,1691.00,2073.14,288
0,1692.00,2087.49,288
-1
-1
1,1686.00,2095.80,284
-1
1,1684.00,2106.35,293
-1
1,1689.00,2107.28,278
-1
2,1692.00,2115.62,269
-1
3,1715.00,2141.67,279
-1
3,1715.00,2141.38,283
-1
4,1718.00,2141.85,281
-1
5,1723.00,2141.67,289
-1
1,1723.00,2151.82,277
-1
4,1742.00,2147.48,279
-1
2,1754.00,2151.00,281
-1
3,1756.00,2154.59,282
-1
4,1750.00,2160.18,295
-1
4,1760.00,2162.48,290
-1
4,1757.00,2166.84,290
-1
4,1748.00,2158.91,286
-1
3,1740.00,2160.78,283
-1
3,1745.00,2158.16,271
-1
5,1741.00,2154.08,266
-1
4,1723.00,2156.07,269
-1
1,1736.00,2140.15,262
-1
3,1742.00,2131.18,264
-1
1,1736.00,2127.00,265
0,1716.00,2100.36,255
-1
-1
1,1719.00,2091.58,251
0,1726.00,2074.87,255
-1
-1
-1
1,1722.00,2058.54,254
-1
0,1709.00,2035.19,256
-1
-1
-1
1,1702.00,2035.87,262
-1
-1
-1
0,1673.00,2007.32,271
-1
-1
1,1669.00,2001.60,272
-1
1,1662.00,1994.82,271
-1
1,1652.00,1996.26,271
0,1650.00,1993.63,272
-1
-1
3,1653.00,1994.40,273
-1
2,1666.00,1992.85,275
-1
1,1668.00,1990.19,274
0,1666.00,1989.83,273
-1
0,1665.00,1988.58,272
-1
0,1666.00,1984.10,269
-1
0,1666.00,1983.84,270
-1
0,1670.00,1981.15,272
-1
0,1670.00,1977.44,268
-1
0,1674.00,1979.08,262
-1
0,1674.00,1976.17,257
-1
0,1674.00,1974.43,256
-1
0,1669.00,1971.26,252
-1
0,1672.00,1973.48,248
-1
0,1671.00,1967.91,247
-1
-1
2,1669.00,1967.41,243
0,1662.00,1966.62,248
-1
0,1658.00,1965.57,248
-1
0,1654.00,1961.55,245
-1
-1
1,1649.00,1957.36,245
-1
-1
-1
-1
2,1630.00,1959.64,242
-1
-1
-1
-1
-1
-1
-1
-1
-1
-1
-1
-1
-1
-1
0,1554.00,1936.75,248
-1
-1
1,1560.00,1925.98,243
-1
0,1548.00,1911.39,247
-1
0,1533.00,1895.75,247
-1
0,1536.00,1881.76,246
-1
0,1536.00,1868.45,242
-1
0,1526.00,1860.14,242
-1
-1
-1
-1
-1
-1
-1
-1
-1
1,1434.00,1847.17,307
0,1432.00,1781.25,314
-1
0,1429.00,1761.31,315
-1
-1
1,1429.00,1745.86,311
-1
1,1419.00,1728.78,299
-1
2,1404.00,1702.54,284
-1
3,1408.00,1684.24,298
-1
1,1390.00,1663.30,292
-1
1,1381.00,1662.66,297
0,1385.00,1647.06,292
-1
0,1373.00,1648.80,276
-1
0,1370.00,1643.38,282
-1
0,1361.00,1640.60,279
-1
0,1362.00,1630.59,281
-1
0,1350.00,1640.71,285
-1
0,1325.00,1600.01,289
-1
0,1320.00,1597.31,288
-1
0,1322.00,1589.75,285
-1
0,1316.00,1585.30,295
-1
0,1311.00,1585.41,299
-1
-1
2,1305.00,1579.56,298
-1
1,1301.00,1575.76,295
0,1299.00,1574.75,301
-1
-1
2,1297.00,1567.32,304
0,1297.00,1565.12,295
-1
0,1295.00,1562.50,300
-1
-1
1,1292.00,1557.02,302
-1
2,1290.00,1545.25,293
0,1285.00,1545.69,298
-1
-1
1,1285.00,1545.20,299
-1
2,1284.00,1542.27,302
0,1285.00,1538.33,304
-1
0,1284.00,1537.62,310
-1
0,1285.00,1534.47,310
-1
0,1288.00,1536.85,310
-1
0,1296.00,1536.11,315
-1
0,1299.00,1534.45,317
-1
0,1302.00,1531.65,319
-1
0,1303.00,1530.94,327
-1
0,1305.00,1532.39,325
-1
-1
1,1307.00,1533.17,320
0,1311.00,1530.83,321
-1
-1
1,1310.00,1528.76,321
0,1311.00,1528.96,324
-1
0,1312.00,1528.30,324
-1
0,1309.00,1530.62,327
-1
-1
1,1307.00,1530.35,332
-1
1,1307.00,1529.26,328
0,1306.00,1529.96,330
-1
0,1306.00,1528.70,334
-1
0,1305.00,1529.37,335
-1
0,1305.00,1530.66,340
-1
0,1305.00,1530.82,340
-1
0,1302.00,1531.95,336
-1
-1
2,1301.00,1529.83,335
0,1303.00,1533.29,333
-1
0,1301.00,1532.34,330
-1
0,1297.00,1531.16,335
-1
-1
1,1294.00,1532.46,331
-1
1,1288.00,1533.44,336
0,1288.00,1533.22,334
-1
0,1289.00,1532.98,331
-1
0,1291.00,1532.38,330
-1
0,1290.00,1532.72,331
-1
0,1290.00,1530.17,330
-1
0,1286.00,1531.97,328
-1
0,1286.00,1533.45,325
-1
0,1281.00,1533.28,325
-1
0,1282.00,1531.78,324
-1
0,1280.00,1532.39,323
-1
0,1277.00,1532.59,323
-1
0,1275.00,1532.64,323
-1
0,1278.00,1533.40,324
-1
0,1275.00,1532.99,322
-1
0,1275.00,1531.28,320
-1
0,1271.00,1530.14,322
-1
0,1269.00,1529.11,319
-1
0,1268.00,1528.71,317
-1
0,1267.00,1527.24,314
-1
0,1267.00,1529.92,317
-1
0,1268.00,1530.52,318
-1
-1
2,1266.00,1531.69,317
-1
1,1269.00,1532.78,319
0,1269.00,1531.94,320
-1
-1
2,1267.00,1533.76,320
0,1266.00,1534.68,317
-1
0,1269.00,1532.93,314
-1
0,1271.00,1532.72,314
-1
-1
2,1270.00,1532.17,318
0,1269.00,1531.02,317
-1
-1
2,1270.00,1532.38,316
0,1269.00,1532.05,316
-1
0,1268.00,1530.14,316
-1
0,1268.00,1531.74,316
-1
-1
2,1264.00,1532.08,315
0,1265.00,1529.86,312
-1
-1
2,1264.00,1529.63,314
0,1264.00,1529.14,311
-1
0,1266.00,1530.05,310
-1
-1
1,1267.00,1531.67,310
0,1268.00,1533.15,311
-1
0,1269.00,1531.18,310
-1
0,1271.00,1532.35,311
-1
0,1270.00,1531.48,312
-1
0,1273.00,1531.02,313
-1
0,1274.00,1532.66,315
-1
0,1273.00,1531.82,312
-1
0,1273.00,1530.98,314
-1
0,1275.00,1529.89,314
-1
0,1275.00,1528.77,315
-1
0,1276.00,1528.69,312
-1
0,1278.00,1528.37,311
-1
0,1277.00,1530.52,313
-1
-1
2,1278.00,1532.39,312
-1
1,1276.00,1532.42,313
0,1275.00,1531.82,320
-1
0,1273.00,1532.98,322
-1
0,1273.00,1531.43,312
-1
0,1273.00,1537.24,316
-1
0,1268.00,1538.01,322
-1
0,1268.00,1543.35,317
-1
-1
2,1266.00,1551.95,317
-1
2,1269.00,1556.85,310
-1
1,1268.00,1557.37,311
0,1266.00,1563.23,313
-1
-1
2,1267.00,1564.86,310
-1
2,1264.00,1571.94,307
-1
1,1265.00,1573.43,309
0,1271.00,1575.22,310
-1
-1
2,1272.00,1576.62,313
0,1276.00,1579.23,314
-1
-1
2,1282.00,1584.41,308
0,1290.00,1586.13,307
-1
-1
2,1289.00,1592.29,303
-1
1,1293.00,1591.30,313
0,1302.00,1594.71,318
-1
0,1304.00,1600.06,322
-1
0,1312.00,1600.89,320
-1
0,1314.00,1597.85,324
-1
0,1319.00,1600.62,326
-1
0,1315.00,1606.93,325
-1
0,1311.00,1609.02,319
-1
-1
1,1318.00,1606.39,323
0,1317.00,1607.47,318
-1
-1
1,1327.00,1598.72,320
0,1327.00,1596.54,319
-1
-1
1,1329.00,1594.57,321
-1
3,1326.00,1593.61,313
-1
1,1329.00,1585.98,324
-1
1,1330.00,1584.22,328
-1
3,1337.00,1579.24,336
-1
1,1342.00,1571.38,342
0,1330.00,1565.02,332
-1
-1
2,1325.00,1563.74,330
0,1328.00,1558.36,325
-1
-1
2,1331.00,1551.37,325
-1
3,1320.00,1555.65,332
0,1328.00,1541.63,332
-1
0,1322.00,1528.61,318
-1
0,1322.00,1521.31,315
-1
0,1317.00,1514.82,318
-1
0,1314.00,1510.61,312
-1
0,1309.00,1509.46,315
-1
0,1306.00,1506.38,320
-1
0,1297.00,1501.84,326
-1
0,1297.00,1500.05,373
-1
0,1290.00,1502.41,375
-1
0,1286.00,1503.71,376
-1
0,1278.00,1518.60,372
-1
-1
2,1267.00,1525.91,369
0,1261.00,1534.16,364
-1
0,1257.00,1535.73,354
-1
0,1248.00,1535.21,351
-1
0,1244.00,1543.96,349
-1
0,1246.00,1548.88,339
-1
0,1247.00,1552.87,330
-1
0,1248.00,1553.96,332
-1
-1
1,1250.00,1556.71,333
0,1251.00,1562.67,329
-1
0,1254.00,1561.03,330
-1
0,1258.00,1560.30,335
-1
-1
2,1262.00,1565.27,337
-1
1,1267.00,1565.99,341
0,1273.00,1576.29,336
-1
0,1277.00,1581.18,335
-1
0,1287.00,1579.93,332
-1
0,1294.00,1581.11,333
-1
0,1299.00,1575.67,348
-1
0,1308.00,1573.84,345
-1
-1
1,1315.00,1571.43,342
0,1313.00,1574.50,338
-1
0,1321.00,1571.57,335
-1
-1
1,1320.00,1572.56,336
-1
1,1317.00,1585.13,331
-1
1,1319.00,1588.06,331
-1
1,1324.00,1583.67,329
0,1326.00,1585.23,334
-1
0,1333.00,1581.32,339
-1
-1
1,1339.00,1578.37,341
0,1339.00,1579.62,332
-1
-1
1,1340.00,1577.60,328
-1
3,1341.00,1569.46,337
-1
3,1339.00,1569.09,334
-1
3,1337.00,1566.60,336
-1
2,1337.00,1561.16,338
-1
1,1336.00,1556.31,339
0,1338.00,1549.98,338
-1
0,1336.00,1548.55,328
-1
0,1327.00,1549.14,323
-1
-1
1,1328.00,1546.41,327
0,1334.00,1544.17,325
-1
-1
2,1331.00,1546.86,331
0,1328.00,1546.16,334
-1
0,1324.00,1548.81,336
-1
0,1314.00,1547.69,341
-1
0,1312.00,1546.07,336
-1
0,1303.00,1542.64,337
-1
0,1296.00,1540.14,339
-1
0,1290.00,1540.24,342
-1
0,1290.00,1538.43,339
-1
0,1289.00,1537.36,342
-1
0,1288.00,1533.74,340
-1
0,1284.00,1534.13,342
-1
0,1284.00,1530.61,341
-1
0,1280.00,1528.89,340
-1
0,1279.00,1530.20,340
-1
0,1274.00,1529.40,339
-1
0,1271.00,1528.29,343
-1
-1
1,1270.00,1528.07,340
0,1272.00,1529.26,340
-1
-1
2,1274.00,1523.58,336
0,1275.00,1520.36,337
-1
0,1278.00,1518.05,337
-1
0,1285.00,1519.66,333
-1
0,1282.00,1514.18,330
-1
0,1294.00,1510.43,335
-1
0,1297.00,1507.99,338
-1
0,1301.00,1509.94,340
-1
-1
2,1313.00,1512.64,332
-1
2,1316.00,1512.90,341
-1
2,1308.00,1520.14,338
-1
2,1306.00,1524.39,339
0,1310.00,1523.96,331
-1
0,1308.00,1532.12,340
-1
0,1312.00,1530.93,348
-1
0,1313.00,1538.45,341
-1
0,1311.00,1552.30,339
-1
0,1311.00,1561.37,335
-1
0,1300.00,1580.11,349
-1
-1
2,1300.00,1588.59,350
0,1299.00,1593.85,352
-1
-1
1,1297.00,1601.33,351
0,1299.00,1601.53,344
-1
0,1297.00,1612.32,339
-1
0,1297.00,1608.56,336
-1
0,1300.00,1611.00,335
-1
0,1298.00,1611.32,330
-1
0,1299.00,1611.20,331
-1
-1
1,1299.00,1615.72,330
0,1300.00,1609.10,331
-1
-1
2,1301.00,1606.44,329
-1
2,1304.00,1602.14,331
0,1304.00,1602.17,337
-1
0,1301.00,1604.74,339
-1
0,1303.00,1600.87,343
-1
0,1303.00,1596.22,346
-1
0,1301.00,1593.51,345
-1
0,1301.00,1593.55,342
-1
0,1299.00,1592.93,334
-1
0,1298.00,1592.45,321
-1
0,1302.00,1589.51,315
-1
0,1301.00,1584.58,318
-1
0,1300.00,1579.41,313
-1
0,1298.00,1577.83,303
-1
0,1300.00,1573.61,305
-1
0,1306.00,1568.42,303
-1
0,1305.00,1568.40,297
-1
0,1308.00,1568.84,299
-1
0,1313.00,1558.70,256
-1
0,1288.00,1572.65,290
-1
-1
-1
-1
-1
1,1302.00,1554.40,252
-1
1,1302.00,1554.97,251
-1
3,1297.00,1557.41,250
-1
-1
-1
-1
-1
-1
-1
-1
0,1290.00,1560.47,252
-1
-1
-1
-1
4,1287.00,1563.02,251
-1
-1
-1
-1
-1
0,1285.00,1562.06,249
-1
-1
0,1284.00,1561.29,248
-1
-1
1,1286.00,1561.79,249
-1
1,1286.00,1563.76,251
-1
1,1287.00,1563.64,252
-1
1,1287.00,1562.64,251
-1
1,1285.00,1561.51,249
-1
1,1287.00,1560.21,247
-1
1,1289.00,1558.99,249
-1
1,1288.00,1556.86,247
0,1287.00,1557.98,246
-1
-1
1,1285.00,1558.46,244
-1
1,1284.00,1557.55,249
-1
1,1284.00,1556.60,248
0,1284.00,1558.90,249
-1
0,1286.00,1556.23,244
-1
-1
1,1284.00,1558.76,245
-1
1,1283.00,1558.86,245
-1
1,1286.00,1557.41,244
-1
1,1286.00,1559.38,244
0,1287.00,1559.19,243
-1
0,1287.00,1559.79,245
-1
0,1287.00,1558.04,246
-1
-1
1,1285.00,1549.02,246
-1
3,1288.00,1551.78,246
-1
1,1286.00,1553.76,249
-1
3,1288.00,1556.34,254
0,1292.00,1557.76,258
-1
0,1277.00,1574.50,282
-1
0,1277.00,1576.39,284
-1
-1
2,1274.00,1576.96,290
0,1277.00,1581.64,297
-1
0,1270.00,1586.04,312
-1
0,1269.00,1587.64,323
-1
0,1271.00,1588.55,328
-1
0,1271.00,1586.07,332
-1
0,1273.00,1585.02,333
-1
0,1279.00,1584.15,333
-1
0,1279.00,1586.94,336
-1
0,1277.00,1589.43,336
-1
0,1276.00,1585.63,340
-1
0,1278.00,1584.89,340
-1
0,1277.00,1581.98,346
-1
-1
1,1278.00,1578.45,349
0,1277.00,1578.76,349
-1
-1
1,1279.00,1581.33,348
-1
2,1277.00,1579.70,348
-1
1,1277.00,1581.55,349
-1
1,1276.00,1582.18,345
-1
1,1276.00,1582.12,350
-1
1,1275.00,1585.23,346
-1
1,1276.00,1584.55,351
0,1276.00,1586.60,350
-1
0,1277.00,1585.98,346
-1
-1
2,1278.00,1585.26,346
-1
1,1280.00,1584.26,346
0,1278.00,1584.99,346
-1
0,1278.00,1587.34,345
-1
-1
1,1277.00,1590.76,341
0,1278.00,1590.68,342
-1
0,1277.00,1590.43,344
-1
0,1279.00,1591.41,342
-1
0,1280.00,1589.71,345
-1
0,1280.00,1590.99,345
-1
0,1280.00,1590.60,345
-1
0,1279.00,1589.10,345
-1
0,1281.00,1587.64,348
-1
0,1282.00,1585.92,345
-1
0,1283.00,1583.26,347
-1
0,1285.00,1580.18,347
-1
0,1281.00,1579.42,348
-1
0,1283.00,1580.29,349
-1
0,1285.00,1579.45,349
-1
0,1284.00,1577.82,348
-1
0,1284.00,1580.07,347
-1
0,1287.00,1578.23,346
-1
0,1288.00,1582.75,349
-1
0,1288.00,1579.89,350
-1
0,1292.00,1583.07,347
-1
0,1294.00,1580.38,346
-1
0,1296.00,1579.92,347
-1
0,1299.00,1581.97,346
-1
0,1302.00,1582.57,342
-1
0,1306.00,1581.09,340
-1
0,1310.00,1575.74,336
-1
-1
1,1312.00,1575.22,334
-1
1,1312.00,1576.92,329
-1
2,1311.00,1578.75,319
0,1314.00,1581.53,310
-1
-1
1,1316.00,1588.40,306
0,1317.00,1590.92,307
-1
-1
1,1314.00,1591.00,308
-1
1,1310.00,1594.12,308
-1
1,1310.00,1600.91,301
0,1307.00,1600.89,297
-1
-1
1,1308.00,1600.56,287
-1
1,1305.00,1603.64,285
0,1306.00,1596.48,282
-1
-1
1,1313.00,1583.13,283
-1
1,1313.00,1580.58,279
0,1313.00,1588.48,273
-1
0,1320.00,1584.90,279
-1
0,1318.00,1587.85,272
-1
0,1322.00,1579.60,276
-1
0,1322.00,1574.86,286
-1
0,1320.00,1569.10,286
-1
0,1319.00,1570.27,286
-1
0,1313.00,1566.35,287
-1
-1
1,1314.00,1562.63,297
0,1311.00,1559.46,298
-1
0,1312.00,1558.70,303
-1
0,1310.00,1557.00,312
-1
-1
2,1305.00,1553.34,313
-1
2,1307.00,1547.93,307
-1
2,1308.00,1547.88,317
-1
2,1317.00,1544.02,312
-1
3,1314.00,1537.40,318
-1
2,1313.00,1533.05,321
-1
2,1303.00,1534.38,317
-1
1,1305.00,1540.94,324
0,1306.00,1528.53,328
-1
-1
1,1306.00,1524.65,330
-1
1,1308.00,1529.38,331
0,1307.00,1531.99,326
-1
0,1307.00,1531.19,326
-1
0,1305.00,1524.36,320
-1
-1
1,1309.00,1516.76,322
-1
1,1309.00,1513.40,322
0,1302.00,1514.28,331
-1
0,1306.00,1512.34,329
-1
0,1304.00,1509.40,329
-1
0,1303.00,1506.87,323
-1
0,1306.00,1504.17,323
-1
0,1304.00,1507.04,320
-1
0,1310.00,1503.11,325
-1
0,1315.00,1504.99,316
-1
0,1310.00,1506.02,316
-1
0,1307.00,1499.28,321
-1
0,1310.00,1501.68,317
-1
0,1312.00,1493.93,321
-1
0,1312.00,1493.94,318
-1
0,1312.00,1495.02,319
-1
-1
3,1308.00,1496.28,318
-1
3,1312.00,1494.16,311
-1
2,1301.00,1490.56,318
0,1295.00,1494.22,319
-1
0,1289.00,1495.96,318
-1
0,1285.00,1496.83,320
-1
0,1284.00,1496.62,317
-1
0,1285.00,1492.46,314
-1
0,1273.00,1492.59,318
-1
0,1268.00,1495.76,321
-1
0,1274.00,1499.03,318
-1
0,1272.00,1498.78,317
-1
-1
1,1270.00,1497.31,320
0,1269.00,1504.28,316
-1
-1
1,1273.00,1507.87,312
-1
2,1264.00,1503.42,319
-1
2,1260.00,1503.93,315
0,1257.00,1512.80,308
-1
0,1255.00,1510.65,307
-1
0,1254.00,1509.79,308
-1
0,1247.00,1514.88,313
-1
0,1244.00,1514.89,314
-1
-1
1,1238.00,1513.07,312
0,1239.00,1511.05,309
-1
0,1236.00,1510.63,308
-1
0,1231.00,1511.41,309
-1
0,1232.00,1511.58,308
-1
-1
2,1231.00,1508.92,305
0,1230.00,1509.39,305
-1
-1
1,1223.00,1509.93,308
-1
1,1219.00,1508.33,307
0,1222.00,1508.43,306
-1
0,1222.00,1507.50,310
-1
0,1222.00,1508.35,306
-1
-1
1,1223.00,1506.01,300
-1
2,1225.00,1506.11,299
-1
2,1224.00,1508.12,300
0,1224.00,1507.93,299
-1
0,1222.00,1507.41,300
-1
-1
1,1223.00,1507.48,303
-1
1,1222.00,1504.18,301
0,1219.00,1504.32,305
-1
0,1220.00,1504.48,305
-1
-1
1,1220.00,1506.84,304
-1
1,1219.00,1507.47,302
-1
1,1221.00,1505.04,300
-1
1,1221.00,1503.55,300
-1
1,1221.00,1503.20,297
0,1220.00,1501.31,301
-1
-1
1,1218.00,1500.83,303
0,1213.00,1505.46,305
-1
0,1211.00,1502.26,305
-1
0,1209.00,1504.37,306
-1
-1
1,1206.00,1504.08,307
-1
2,1209.00,1496.52,311
-1
1,1207.00,1494.04,314
-1
2,1207.00,1494.53,313
-1
1,1203.00,1493.84,314
-1
1,1203.00,1495.97,306
0,1203.00,1492.69,307
-1
-1
3,1199.00,1492.68,316
-1
1,1204.00,1482.65,310
-1
1,1199.00,1489.17,313
-1
1,1190.00,1447.42,324
-1
1,1190.00,1444.43,329
-1
2,1185.00,1443.27,331
-1
3,1189.00,1436.69,331
-1
3,1193.00,1431.14,339
-1
1,1184.00,1434.58,350
-1
1,1184.00,1426.78,349
-1
1,1187.00,1420.66,348
-1
2,1182.00,1409.58,352
-1
2,1184.00,1403.64,352
-1
2,1179.00,1404.37,356
0,1174.00,1402.57,357
-1
0,1174.00,1400.16,345
-1
0,1176.00,1390.58,315
-1
-1
2,1171.00,1382.90,308
-1
2,1171.00,1379.16,307
-1
2,1162.00,1379.60,309
-1
2,1162.00,1380.74,311
-1
3,1163.00,1380.73,307
-1
1,1159.00,1374.68,306
-1
1,1162.00,1373.56,306
-1
1,1162.00,1366.13,307
-1
1,1154.00,1364.46,306
-1
1,1148.00,1369.42,314
0,1143.00,1358.62,307
-1
-1
2,1145.00,1356.01,308
-1
3,1133.00,1344.61,304
-1
2,1126.00,1343.50,296
-1
2,1122.00,1338.80,291
-1
2,1115.00,1335.28,294
-1
2,1107.00,1335.28,287
-1
1,1107.00,1332.58,287
-1
1,1109.00,1320.62,306
-1
1,1108.00,1318.96,295
-1
2,1105.00,1314.84,291
-1
3,1102.00,1311.86,288
-1
2,1103.00,1311.10,286
-1
1,1102.00,1309.06,286
-1
1,1100.00,1308.57,283
-1
1,1101.00,1309.13,284
-1
1,1101.00,1307.56,280
-1
1,1101.00,1307.91,277
-1
1,1101.00,1306.27,275
-1
2,1103.00,1304.78,275
-1
2,1106.00,1303.53,279
-1
5,1107.00,1299.34,280
-1
4,1109.00,1298.55,283
-1
3,1107.00,1299.29,284
-1
3,1108.00,1298.74,285
-1
2,1109.00,1296.86,286
-1
2,1109.00,1299.67,284
-1
2,1111.00,1298.55,282
-1
4,1111.00,1297.29,282
-1
2,1111.00,1297.55,283
-1
1,1111.00,1297.95,284
-1
2,1112.00,1296.68,284
-1
2,1116.00,1297.25,287
-1
2,1114.00,1298.12,285
-1
4,1113.00,1301.34,278
-1
4,1111.00,1298.88,284
-1
3,1111.00,1300.17,287
-1
4,1112.00,1298.49,286
-1
4,1113.00,1297.76,289
-1
2,1112.00,1298.28,291
-1
4,1113.00,1299.24,289
-1
4,1114.00,1298.00,285
-1
2,1111.00,1299.17,282
-1
2,1111.00,1298.50,285
-1
4,1110.00,1296.76,287
-1
1,1111.00,1297.69,289
-1
4,1110.00,1297.94,287
-1
1,1110.00,1299.60,286
-1
2,1110.00,1300.57,285
-1
3,1113.00,1297.58,286
-1
4,1113.00,1296.42,287
-1
4,1111.00,1295.85,289
0,1108.00,1297.55,287
-1
-1
1,1107.00,1299.77,284
0,1106.00,1300.60,285
-1
0,1105.00,1302.44,285
-1
-1
2,1105.00,1306.55,284
-1
1,1105.00,1306.82,283
-1
2,1103.00,1306.50,282
-1
2,1101.00,1308.31,282
-1
1,1101.00,1309.25,279
0,1106.00,1305.77,282
-1
-1
1,1106.00,1310.71,279
-1
1,1107.00,1308.83,286
-1
2,1108.00,1307.97,288
-1
1,1113.00,1310.41,292
-1
1,1112.00,1315.05,292
-1
2,1117.00,1318.75,294
-1
2,1122.00,1322.58,293
-1
2,1123.00,1322.78,295
-1
2,1131.00,1321.56,298
-1
2,1130.00,1325.12,297
-1
3,1135.00,1325.77,299
-1
2,1141.00,1333.37,301
-1
2,1140.00,1328.94,299
-1
2,1142.00,1334.84,300
-1
2,1146.00,1329.90,300
-1
2,1150.00,1331.88,307
0,1157.00,1337.98,304
-1
-1
3,1160.00,1335.68,303
-1
4,1163.00,1339.48,298
-1
3,1165.00,1341.35,299
-1
3,1166.00,1341.04,296
-1
2,1170.00,1341.33,299
-1
2,1171.00,1339.34,302
-1
2,1169.00,1332.96,300
-1
3,1168.00,1332.56,301
0,1167.00,1333.12,299
-1
0,1166.00,1333.75,305
-1
0,1171.00,1339.42,304
-1
0,1169.00,1339.64,303
-1
-1
1,1171.00,1337.35,304
-1
1,1169.00,1335.44,304
-1
1,1172.00,1340.63,295
-1
1,1169.00,1338.15,305
-1
2,1165.00,1330.61,287
-1
2,1156.00,1326.26,289
0,1157.00,1327.99,288
-1
0,1153.00,1327.03,290
-1
-1
2,1149.00,1328.00,293
0,1147.00,1330.83,298
-1
0,1145.00,1332.97,294
-1
0,1140.00,1334.35,287
-1
-1
3,1137.00,1331.31,282
0,1133.00,1332.73,283
-1
0,1131.00,1331.86,281
-1
0,1130.00,1334.72,283
-1
0,1127.00,1339.14,283
-1
-1
3,1127.00,1333.42,283
-1
2,1129.00,1334.44,279
-1
2,1129.00,1328.18,283
-1
1,1127.00,1335.97,284
-1
2,1125.00,1331.88,288
-1
2,1121.00,1324.59,284
-1
2,1121.00,1319.59,286
-1
1,1122.00,1319.26,287
-1
2,1125.00,1311.95,290
-1
1,1123.00,1306.88,292
-1
3,1128.00,1308.18,291
-1
1,1125.00,1314.11,293
-1
3,1125.00,1316.79,290
-1
2,1126.00,1308.10,299
-1
1,1125.00,1310.01,300
-1
3,1131.00,1306.24,308
-1
3,1127.00,1300.23,305
-1
3,1130.00,1296.72,305
-1
3,1129.00,1295.71,306
-1
3,1126.00,1293.96,311
-1
3,1123.00,1296.53,309
-1
3,1119.00,1298.12,318
-1
2,1122.00,1296.31,319
-1
3,1126.00,1298.15,314
-1
3,1127.00,1298.55,318
-1
3,1124.00,1298.81,321
-1
3,1122.00,1300.57,311
-1
3,1124.00,1299.65,316
-1
3,1121.00,1299.78,314
-1
1,1117.00,1306.86,308
-1
1,1115.00,1310.23,315
-1
1,1115.00,1314.13,312
-1
1,1112.00,1314.10,308
-1
2,1112.00,1314.32,302
-1
3,1111.00,1312.59,297
-1
2,1113.00,1310.82,291
-1
1,1112.00,1310.57,290
-1
1,1111.00,1310.41,294
-1
2,1112.00,1312.85,288
-1
2,1113.00,1310.36,289
-1
2,1111.00,1311.60,288
-1
2,1112.00,1318.62,290
-1
1,1113.00,1322.45,286
-1
2,1116.00,1318.72,289
-1
2,1120.00,1317.52,289
-1
2,1121.00,1314.70,291
-1
2,1123.00,1321.48,289
-1
2,1123.00,1324.22,290
-1
2,1128.00,1322.82,295
-1
2,1128.00,1323.87,299
-1
1,1128.00,1322.82,296
-1
1,1130.00,1323.94,290
-1
2,1133.00,1327.58,284
0,1131.00,1324.69,287
-1
-1
1,1134.00,1325.35,284
-1
2,1134.00,1322.36,286
-1
2,1133.00,1319.49,288
-1
2,1130.00,1317.93,293
-1
2,1128.00,1318.83,290
-1
2,1124.00,1317.16,288
-1
2,1121.00,1316.23,286
-1
2,1116.00,1316.13,286
-1
2,1114.00,1318.04,288
-1
2,1113.00,1314.96,288
-1
2,1111.00,1312.65,288
-1
2,1109.00,1314.42,287
-1
1,1107.00,1312.10,289
-1
1,1106.00,1307.16,293
-1
1,1107.00,1309.70,289
-1
2,1109.00,1304.35,283
-1
1,1108.00,1303.51,284
-1
1,1107.00,1300.27,285
-1
1,1107.00,1305.04,282
-1
1,1109.00,1299.97,282
-1
1,1108.00,1303.92,288
-1
1,1112.00,1301.03,292
-1
2,1114.00,1301.09,285
-1
3,1116.00,1297.73,293
-1
1,1119.00,1292.93,293
-1
1,1123.00,1289.45,296
-1
1,1123.00,1288.29,290
0,1126.00,1295.33,292
-1
-1
1,1130.00,1294.30,290
0,1135.00,1295.96,291
-1
-1
1,1133.00,1297.56,295
-1
2,1132.00,1299.57,304
-1
1,1132.00,1298.84,295
-1
1,1128.00,1311.26,301
-1
1,1127.00,1313.05,300
-1
1,1125.00,1306.69,309
-1
1,1127.00,1303.10,309
-1
1,1130.00,1300.81,308
-1
1,1128.00,1299.70,308
0,1128.00,1311.12,303
-1
-1
2,1130.00,1321.75,296
-1
2,1133.00,1326.32,293
-1
2,1134.00,1331.13,296
-1
2,1137.00,1329.09,290
-1
3,1136.00,1335.31,285
-1
3,1138.00,1334.17,284
0,1141.00,1337.47,286
-1
0,1138.00,1342.40,282
-1
-1
2,1137.00,1347.15,282
-1
2,1138.00,1345.59,282
-1
2,1145.00,1343.13,280
-1
2,1145.00,1342.68,283
-1
1,1143.00,1336.42,284
-1
1,1141.00,1338.96,288
-1
2,1140.00,1335.70,288
-1
3,1142.00,1335.11,291
-1
3,1142.00,1333.16,289
-1
3,1139.00,1333.14,288
-1
3,1140.00,1333.93,286
-1
2,1141.00,1332.24,286
-1
1,1140.00,1329.56,284
-1
2,1141.00,1325.84,283
-1
2,1141.00,1326.08,287
-1
2,1140.00,1325.42,289
-1
2,1140.00,1325.05,286
-1
2,1140.00,1324.81,288
-1
1,1142.00,1326.17,289
-1
1,1142.00,1323.81,287
-1
1,1144.00,1323.61,289
-1
1,1142.00,1326.36,290
0,1140.00,1324.56,289
-1
-1
2,1138.00,1325.28,288
-1
2,1137.00,1326.37,285
-1
2,1139.00,1330.61,283
-1
1,1138.00,1331.52,283
-1
2,1138.00,1332.84,284
-1
1,1139.00,1329.70,289
-1
2,1140.00,1328.85,289
-1
2,1140.00,1328.56,289
-1
2,1139.00,1327.90,287
-1
1,1138.00,1324.15,289
-1
2,1137.00,1323.82,294
-1
2,1137.00,1322.74,290
-1
2,1136.00,1319.81,290
-1
2,1136.00,1322.13,288
-1
1,1134.00,1320.62,287
-1
2,1132.00,1320.74,286
0,1132.00,1319.90,284
-1
0,1132.00,1320.70,287
-1
-1
2,1132.00,1321.28,287
-1
1,1131.00,1319.89,285
-1
1,1127.00,1321.54,286
0,1125.00,1322.49,288
-1
0,1126.00,1325.59,285
-1
-1
1,1127.00,1328.73,285
0,1124.00,1332.92,279
-1
-1
2,1125.00,1335.56,282
-1
2,1123.00,1334.43,279
-1
2,1123.00,1336.85,277
0,1126.00,1337.82,277
-1
0,1128.00,1335.98,280
-1
-1
1,1126.00,1336.09,271
-1
1,1117.00,1340.97,267
0,1121.00,1336.10,268
-1
-1
2,1118.00,1339.34,270
-1
2,1117.00,1339.11,267
-1
2,1117.00,1341.03,273
-1
2,1115.00,1343.30,269
-1
1,1115.00,1341.37,272
-1
1,1118.00,1341.12,268
0,1118.00,1343.74,227
-1
0,1110.00,1344.24,262
-1
-1
2,1112.00,1346.04,259
-1
2,1112.00,1346.80,262
0,1112.00,1346.87,254
-1
0,1112.00,1346.57,255
-1
-1
2,1110.00,1348.52,255
-1
1,1109.00,1346.40,260
0,1108.00,1347.95,265
-1
-1
2,1107.00,1348.98,263
-1
1,1107.00,1348.12,264
-1
1,1109.00,1348.28,262
0,1106.00,1350.79,260
-1
-1
1,1103.00,1351.67,255
-1
1,1106.00,1348.92,255
0,1108.00,1347.24,256
-1
0,1110.00,1347.00,259
-1
-1
1,1110.00,1345.75,254
-1
2,1108.00,1347.15,260
-1
1,1111.00,1345.91,260
-1
2,1116.00,1346.81,262
-1
1,1118.00,1343.23,269
-1
1,1120.00,1342.32,269
-1
2,1120.00,1338.14,271
-1
2,1124.00,1334.58,278
-1
1,1123.00,1333.55,282
-1
2,1125.00,1333.00,280
-1
4,1124.00,1333.20,279
-1
3,1127.00,1332.24,278
-1
3,1125.00,1333.90,280
-1
1,1129.00,1333.00,277
-1
1,1128.00,1335.43,275
-1
2,1128.00,1332.20,274
-1
3,1127.00,1334.90,274
-1
3,1125.00,1336.52,273
-1
3,1125.00,1335.63,271
-1
1,1127.00,1331.35,270
-1
2,1126.00,1331.09,275
-1
2,1126.00,1329.18,272
-1
2,1125.00,1331.23,274
-1
3,1126.00,1335.18,275
-1
1,1129.00,1334.87,276
-1
4,1131.00,1330.36,274
-1
2,1130.00,1329.10,274
-1
2,1129.00,1326.04,281
-1
2,1128.00,1334.76,277
-1
1,1130.00,1345.19,279
-1
2,1132.00,1347.81,270
-1
2,1134.00,1351.21,266
-1
2,1118.00,1354.65,263
-1
2,1125.00,1350.87,265
-1
2,1122.00,1356.03,261
-1
2,1129.00,1346.96,265
-1
2,1128.00,1340.82,270
-1
2,1129.00,1340.63,275
-1
2,1132.00,1339.88,276
-1
2,1136.00,1332.80,279
-1
1,1139.00,1328.26,279
0,1146.00,1323.31,279
-1
-1
2,1146.00,1327.26,278
-1
1,1155.00,1330.78,277
0,1150.00,1329.69,286
-1
-1
2,1157.00,1331.89,283
-1
2,1149.00,1329.48,293
-1
3,1153.00,1331.88,292
-1
3,1153.00,1335.87,289
-1
2,1152.00,1341.64,299
0,1155.00,1347.46,299
-1
-1
3,1158.00,1351.68,301
0,1158.00,1352.61,307
-1
0,1159.00,1355.18,306
-1
-1
1,1157.00,1350.04,298
0,1142.00,1338.80,298
-1
0,1134.00,1340.03,304
-1
-1
3,1146.00,1335.44,304
-1
2,1147.00,1339.25,302
-1
2,1148.00,1339.33,298
-1
3,1144.00,1339.18,299
-1
3,1150.00,1336.96,293
0,1146.00,1335.03,288
-1
0,1144.00,1333.87,290
-1
-1
2,1145.00,1327.04,289
-1
3,1141.00,1321.73,283
-1
3,1137.00,1325.90,285
-1
3,1135.00,1325.56,284
-1
4,1129.00,1325.96,284
-1
3,1131.00,1323.92,284
-1
2,1123.00,1330.02,292
0,1130.00,1321.67,288
-1
0,1127.00,1320.68,279
-1
0,1126.00,1319.47,279
-1
0,1122.00,1323.85,273
-1
-1
2,1120.00,1315.49,265
0,1121.00,1318.09,265
-1
-1
4,1118.00,1314.80,265
-1
4,1115.00,1315.22,265
-1
4,1115.00,1312.86,267
-1
3,1111.00,1315.76,263
-1
3,1109.00,1310.33,262
-1
3,1107.00,1311.84,262
-1
4,1107.00,1311.32,258
-1
4,1106.00,1312.82,259
-1
3,1105.00,1311.82,263
-1
3,1105.00,1311.43,263
-1
3,1066.00,1260.56,257
-1
2,1066.00,1260.55,260
0,1067.00,1258.05,258
-1
-1
2,1066.00,1258.61,258
-1
1,1067.00,1257.72,258
-1
2,1066.00,1255.86,258
-1
1,1068.00,1256.02,263
-1
3,1070.00,1256.74,259
-1
4,1071.00,1254.43,261
-1
3,1070.00,1253.43,260
-1
2,1071.00,1255.96,263
-1
2,1069.00,1256.93,263
-1
1,1070.00,1256.11,263
-1
2,1069.00,1256.18,268
-1
2,1070.00,1255.62,267
-1
1,1066.00,1257.60,264
-1
1,1069.00,1257.30,269
-1
4,1064.00,1257.72,270
-1
4,1068.00,1250.50,268
-1
2,1061.00,1248.20,270
-1
2,1057.00,1251.89,278
0,1055.00,1252.10,279
-1
-1
3,1056.00,1252.34,284
-1
4,1058.00,1250.53,286
-1
4,1059.00,1248.50,282
-1
3,1061.00,1246.04,284
-1
1,1047.00,1242.16,283
-1
1,1047.00,1230.51,286
-1
2,1049.00,1224.69,289
-1
3,1053.00,1222.90,292
-1
3,1059.00,1221.16,290
-1
4,1058.00,1217.17,287
-1
1,1086.00,1201.72,268
-1
4,1082.00,1202.18,264
-1
4,1078.00,1204.11,255
-1
4,1074.00,1204.31,244
-1
4,1073.00,1204.61,239
-1
3,1074.00,1204.37,235
-1
3,1072.00,1200.37,230
-1
1,1067.00,1199.36,237
-1
1,1065.00,1197.18,238
-1
1,1063.00,1194.85,240
-1
3,1062.00,1191.37,238
-1
3,1059.00,1190.24,231
-1
5,1056.00,1188.41,237
-1
5,1054.00,1188.74,230
-1
2,1055.00,1183.81,229
-1
5,1054.00,1182.76,220
-1
4,1050.00,1185.39,209
-1
4,1051.00,1184.22,205
-1
5,1049.00,1183.43,202
-1
5,1032.00,1165.88,203
-1
5,1035.00,1163.52,201
-1
5,1037.00,1159.04,201
-1
1,1038.00,1156.37,199
-1
4,1039.00,1156.30,202
-1
2,1041.00,1155.46,198
-1
3,1043.00,1152.81,198
-1
1,1042.00,1153.98,193
-1
1,1041.00,1154.00,190
-1
1,1037.00,1157.52,191
-1
3,1042.00,1152.72,189
-1
-1
3,1040.00,1152.85,189
-1
4,1038.00,1152.06,190
-1
-1
-1
-1
-1
-1
-1
-1
-1
-1
-1
-1
-1
-1
-1
-1
-1
-1
-1
-1
-1
-1
-1
-1
-1
-1
-1
-1
-1
-1
-1
-1
-1
-1
-1
-1
-1
-1
-1
-1
-1
-1
-1
-1
-1
-1
-1
-1
-1
-1
-1
-1
-1
-1
-1
-1
-1
-1
-1
-1
-1
-1
-1
-1
-1
-1
-1
-1
-1
-1
-1
1,1017.00,1153.87,197
-1
1,1013.00,1157.21,197
-1
4,1016.00,1154.69,202
-1
4,1024.00,1147.29,199
-1
4,1027.00,1146.39,200
-1
3,1025.00,1150.12,199
-1
3,1021.00,1152.50,197
-1
3,1010.00,1151.79,206
-1
3,1010.00,1154.21,210
-1
3,1011.00,1150.47,209
-1
1,1015.00,1146.54,203
-1
5,1013.00,1150.68,209
-1
6,1008.00,1147.82,206
-1
-1
6,1007.00,1145.46,201
-1
5,1009.00,1150.93,205
-1
3,1013.00,1147.85,202
-1
4,1013.00,1148.03,204
-1
3,1015.00,1144.74,201
4,1078.00,1166.01,203
-1
1,999.00,1188.98,250
3,1075.00,1166.08,221
-1
2,1072.00,1167.95,224
-1
3,1010.00,1191.80,250
4,1078.00,1168.58,225
-1
1,1011.00,1184.54,260
4,1080.00,1168.33,232
-1
3,1080.00,1171.99,230
-1
2,1078.00,1178.87,233
0,1081.00,1179.32,234
-1
0,1083.00,1178.92,233
-1
-1
1,1085.00,1178.02,237
-1
3,1084.00,1181.83,241
-1
4,1083.00,1183.36,246
-1
3,1085.00,1184.39,257
-1
3,1086.00,1183.86,257
-1
1,1089.00,1186.17,272
-1
3,1087.00,1188.01,244
-1
2,1088.00,1192.23,245
-1
1,1090.00,1193.60,251
-1
1,1091.00,1194.89,257
-1
1,1092.00,1195.62,247
-1
1,1091.00,1193.13,234
0,1092.00,1194.15,233
-1
-1
3,1092.00,1194.95,234
-1
1,1091.00,1189.78,233
-1
3,1092.00,1190.18,248
-1
2,1091.00,1191.14,246
0,1090.00,1193.19,235
-1
-1
2,1092.00,1192.65,243
-1
3,1092.00,1194.78,250
-1
4,1093.00,1195.40,251
-1
4,1093.00,1193.91,258
-1
2,1092.00,1195.34,248
-1
4,1092.00,1196.16,246
-1
4,1090.00,1196.92,262
-1
3,1089.00,1194.96,280
-1
2,1088.00,1196.84,278
0,1088.00,1197.70,283
-1
-1
4,1087.00,1195.25,274
-1
4,1087.00,1195.13,274
0,1087.00,1194.35,272
-1
-1
2,1086.00,1195.17,267
-1
2,1085.00,1197.28,270
-1
3,1085.00,1198.72,268
-1
2,1085.00,1199.13,275
-1
2,1086.00,1199.29,283
-1
4,1086.00,1198.63,277
-1
5,1087.00,1200.54,275
-1
5,1086.00,1200.69,270
-1
4,1085.00,1197.89,270
-1
5,1085.00,1198.62,265
-1
5,1085.00,1197.96,267
-1
5,1084.00,1196.46,271
-1
3,1085.00,1196.69,270
-1
5,1086.00,1197.09,272
-1
5,1088.00,1197.98,279
-1
5,1089.00,1197.15,281
-1
1,1088.00,1197.58,284
-1
5,1090.00,1199.59,283
-1
3,1092.00,1197.29,286
-1
5,1095.00,1198.35,288
-1
4,1097.00,1195.98,280
-1
4,1098.00,1195.32,280
-1
4,1096.00,1194.41,266
-1
3,1096.00,1191.51,253
-1
1,1097.00,1191.12,255
-1
1,1097.00,1190.39,250
-1
1,1098.00,1189.01,262
-1
4,1099.00,1191.83,273
-1
4,1097.00,1191.66,277
-1
5,1094.00,1191.98,291
-1
3,1093.00,1194.60,299
-1
1,1092.00,1198.65,298
-1
4,1090.00,1198.86,300
-1
1,1090.00,1198.96,301
-1
1,1088.00,1200.28,298
-1
1,1087.00,1202.83,277
-1
4,1086.00,1205.45,268
-1
4,1083.00,1206.99,247
-1
3,1081.00,1208.70,248
-1
4,1082.00,1212.31,252
-1
3,1079.00,1212.73,251
-1
3,1080.00,1212.60,250
-1
2,1079.00,1211.16,244
-1
1,1080.00,1208.46,241
-1
1,1079.00,1208.17,240
-1
2,1078.00,1208.17,240
-1
3,1078.00,1205.59,238
-1
2,1075.00,1201.35,239
-1
3,1075.00,1200.01,241
0,1076.00,1197.70,241
-1
-1
3,1077.00,1194.07,244
0,1075.00,1192.58,242
-1
0,1072.00,1188.32,244
-1
-1
1,1072.00,1187.10,250
0,1073.00,1182.96,252
-1
-1
1,1072.00,1179.45,253
-1
1,1074.00,1180.10,253
0,1072.00,1177.60,252
-1
-1
2,1074.00,1174.20,271
-1
2,1073.00,1172.78,279
-1
2,1076.00,1172.41,280
0,1073.00,1170.83,265
-1
-1
3,1072.00,1167.83,257
-1
1,1074.00,1167.54,263
-1
2,1075.00,1166.26,263
-1
4,1074.00,1166.96,247
-1
3,1074.00,1166.73,244
-1
2,1075.00,1165.69,243
-1
3,1075.00,1166.50,243
-1
4,1073.00,1166.97,237
-1
3,1067.00,1175.56,231
-1
3,1072.00,1173.37,234
-1
2,1070.00,1173.79,238
-1
3,1066.00,1184.54,232
-1
3,1064.00,1186.80,231
-1
3,1062.00,1186.24,228
-1
3,1063.00,1185.47,224
0,1066.00,1190.37,265
-1
0,1066.00,1192.74,272
-1
-1
2,1066.00,1196.21,228
-1
2,1071.00,1195.35,299
-1
3,1076.00,1199.44,297
0,1041.00,1206.58,270
-1
-1
1,1044.00,1208.12,272
-1
4,1044.00,1208.04,276
-1
2,1045.00,1207.43,278
0,1088.00,1204.96,304
-1
-1
2,1089.00,1207.01,296
0,1090.00,1210.50,295
-1
0,1049.00,1209.77,283
-1
0,1091.00,1214.91,291
-1
0,1091.00,1215.20,294
-1
-1
3,1093.00,1213.03,281
-1
3,1093.00,1213.19,273
-1
2,1094.00,1213.13,268
-1
3,1094.00,1209.52,264
-1
2,1096.00,1210.94,280
-1
5,1097.00,1212.41,278
-1
3,1097.00,1211.44,277
-1
4,1096.00,1206.05,277
-1
3,1097.00,1208.29,278
-1
5,1097.00,1205.66,276
-1
3,1097.00,1206.60,273
-1
4,1098.00,1207.09,282
-1
4,1096.00,1202.54,286
-1
2,1096.00,1200.62,279
-1
3,1099.00,1198.43,280
-1
2,1098.00,1195.86,284
-1
1,1095.00,1191.04,269
-1
3,1095.00,1191.47,281
-1
4,1094.00,1188.83,270
-1
5,1093.00,1189.23,284
-1
5,1093.00,1190.04,289
-1
4,1092.00,1190.45,284
-1
5,1092.00,1191.61,285
-1
5,1092.00,1192.72,281
-1
5,1092.00,1194.14,282
-1
4,1091.00,1191.32,270
-1
4,1088.00,1192.73,265
-1
5,1089.00,1190.56,264
-1
4,1087.00,1191.06,254
-1
4,1087.00,1191.25,252
-1
3,1086.00,1191.86,244
-1
4,1090.00,1199.01,254
-1
1,1087.00,1197.45,250
-1
1,1088.00,1199.60,256
-1
4,1088.00,1201.82,264
-1
3,1087.00,1202.82,249
-1
4,1087.00,1202.24,262
-1
3,1088.00,1204.82,283
-1
1,1089.00,1207.44,289
-1
1,1091.00,1211.07,295
-1
3,1091.00,1216.04,299
0,1092.00,1217.36,299
-1
-1
3,1093.00,1216.16,308
-1
2,1092.00,1217.96,303
0,1093.00,1217.33,304
-1
0,1094.00,1218.79,295
-1
-1
1,1094.00,1218.19,301
0,1094.00,1218.01,301
-1
-1
1,1095.00,1217.56,305
0,1095.00,1218.64,296
-1
-1
2,1095.00,1218.88,288
-1
3,1096.00,1218.56,295
-1
2,1096.00,1218.27,300
-1
2,1096.00,1217.38,301
-1
2,1096.00,1217.38,297
-1
4,1095.00,1216.33,295
0,1096.00,1216.21,296
-1
-1
3,1096.00,1215.55,299
-1
1,1095.00,1215.35,297
-1
2,1095.00,1215.94,298
-1
2,1091.00,1217.74,241
0,1092.00,1217.47,237
-1
-1
2,1091.00,1217.27,232
-1
4,1091.00,1216.44,234
-1
3,1089.00,1215.87,229
-1
3,1089.00,1212.83,225
-1
3,1088.00,1208.81,224
-1
4,1086.00,1209.13,225
-1
4,1084.00,1208.90,226
-1
4,1084.00,1209.07,223
-1
4,1084.00,1208.25,219
-1
4,1084.00,1206.81,217
-1
3,1083.00,1208.69,217
-1
3,1083.00,1209.60,217
-1
3,1082.00,1207.89,215
-1
3,1080.00,1208.79,216
-1
3,1081.00,1206.59,214
-1
1,1080.00,1206.68,216
-1
3,1081.00,1207.37,216
-1
2,1082.00,1207.21,215
0,1081.00,1209.10,214
-1
-1
1,1081.00,1210.52,213
-1
3,1082.00,1207.93,213
0,1083.00,1206.29,209
-1
-1
3,1080.00,1204.63,211
-1
2,1079.00,1204.45,210
0,1079.00,1204.91,210
-1
-1
2,1080.00,1203.94,211
-1
4,1079.00,1205.07,211
-1
3,1079.00,1205.31,212
-1
3,1078.00,1205.99,211
-1
3,1078.00,1204.52,212
-1
3,1078.00,1205.13,212
-1
3,1078.00,1204.98,211
-1
1,1077.00,1206.19,211
-1
1,1078.00,1205.47,211
-1
2,1079.00,1206.70,212
-1
2,1079.00,1206.80,213
-1
2,1078.00,1206.95,212
-1
2,1077.00,1207.02,213
-1
3,1077.00,1207.60,214
-1
3,1079.00,1205.69,214
-1
3,1077.00,1207.06,214
-1
3,1077.00,1206.96,214
-1
3,1077.00,1206.11,214
-1
2,1078.00,1206.39,215
-1
2,1074.00,1205.76,212
-1
2,1075.00,1205.57,212
-1
2,1075.00,1205.31,211
-1
3,1075.00,1205.05,212
-1
2,1075.00,1203.98,212
-1
1,1074.00,1204.80,212
0,1074.00,1205.42,214
-1
0,1075.00,1204.76,214
-1
0,1077.00,1203.56,216
-1
-1
2,1075.00,1206.34,216
-1
1,1074.00,1205.61,215
-1
2,1075.00,1204.97,215
-1
2,1075.00,1205.75,214
0,1075.00,1206.90,213
-1
-1
3,1076.00,1205.71,214
-1
3,1074.00,1206.72,214
0,1075.00,1207.17,214
-1
-1
3,1075.00,1207.57,210
-1
1,1077.00,1207.12,213
-1
2,1076.00,1210.32,215
-1
2,1077.00,1210.53,215
-1
3,1077.00,1212.03,216
-1
4,1077.00,1210.51,220
-1
3,1077.00,1209.76,222
-1
2,1077.00,1211.58,225
-1
2,1081.00,1204.53,228
-1
3,1083.00,1202.41,226
-1
4,1082.00,1204.69,227
-1
3,1082.00,1205.60,227
-1
3,1082.00,1205.51,231
-1
4,1083.00,1207.12,236
-1
2,1083.00,1207.03,235
-1
4,1083.00,1206.75,235
-1
3,1083.00,1206.30,234
0,1082.00,1205.01,234
-1
-1
2,1081.00,1206.58,234
0,1081.00,1206.38,235
-1
0,1083.00,1207.40,237
-1
-1
3,1047.00,1205.20,277
-1
3,1081.00,1206.71,235
-1
2,1081.00,1205.43,236
0,1081.00,1204.23,238
-1
-1
3,1081.00,1204.21,236
-1
2,1086.00,1200.70,306
-1
2,1086.00,1201.35,304
-1
2,1086.00,1201.09,306
-1
3,1086.00,1201.57,301
-1
4,1086.00,1200.16,297
-1
4,1085.00,1200.80,297
-1
1,1085.00,1201.30,305
-1
1,1085.00,1201.64,303
-1
2,1085.00,1202.64,302
-1
3,1085.00,1204.28,302
-1
3,1085.00,1203.94,300
-1
1,1084.00,1202.97,302
-1
2,1083.00,1202.55,303
-1
4,1083.00,1201.07,308
-1
4,1084.00,1202.76,303
-1
2,1083.00,1202.70,299
-1
4,1084.00,1202.86,297
-1
2,1084.00,1202.19,295
-1
4,1085.00,1202.50,301
-1
2,1085.00,1201.66,302
-1
2,1084.00,1201.52,301
-1
1,1084.00,1200.47,303
-1
1,1084.00,1200.45,303
-1
4,1084.00,1201.73,298
-1
3,1085.00,1202.22,296
-1
3,1085.00,1201.82,303
-1
2,1085.00,1202.99,303
-1
2,1085.00,1202.23,301
-1
4,1085.00,1203.49,298
-1
1,1085.00,1204.35,296
-1
2,1087.00,1206.17,301
0,1086.00,1203.32,303
-1
0,1087.00,1202.15,303
-1
0,1086.00,1202.04,306
-1
0,1085.00,1203.99,297
-1
-1
3,1085.00,1203.90,305
0,1086.00,1203.67,305
-1
-1
4,1086.00,1203.99,306
-1
4,1087.00,1205.76,308
-1
3,1088.00,1206.92,307
-1
3,1089.00,1207.05,308
-1
4,1090.00,1205.66,309
-1
2,1091.00,1206.20,305
-1
4,1090.00,1207.64,303
-1
4,1091.00,1209.75,299
-1
3,1092.00,1211.12,293
-1
4,1093.00,1208.02,297
-1
2,1091.00,1211.65,237
-1
1,1097.00,1210.10,303
-1
4,1096.00,1205.32,235
-1
4,1097.00,1205.51,228
-1
2,1099.00,1206.31,230
-1
3,1099.00,1205.59,228
-1
4,1100.00,1208.62,281
-1
1,1101.00,1202.18,247
-1
1,1101.00,1202.82,241
-1
3,1099.00,1205.46,243
-1
5,1101.00,1205.22,240
-1
4,1099.00,1203.96,237
-1
4,1101.00,1204.46,225
-1
4,1101.00,1202.91,236
-1
1,1102.00,1203.97,221
-1
2,1101.00,1201.90,219
-1
4,1101.00,1199.94,224
-1
4,1100.00,1203.25,222
-1
1,1096.00,1198.97,223
-1
2,1096.00,1196.90,216
-1
4,1092.00,1194.17,223
-1
4,1093.00,1195.41,230
-1
4,1093.00,1196.24,230
-1
4,1091.00,1195.61,234
-1
4,1092.00,1193.63,234
-1
4,1091.00,1193.35,239
-1
1,1091.00,1192.44,254
-1
1,1087.00,1191.71,257
-1
4,1086.00,1192.43,264
-1
2,1085.00,1191.19,261
-1
4,1084.00,1192.28,261
-1
2,1082.00,1192.47,270
-1
2,1081.00,1192.93,269
-1
2,1080.00,1192.91,253
-1
2,1079.00,1192.56,259
-1
4,1080.00,1191.49,255
-1
4,1079.00,1190.13,245
-1
4,1077.00,1191.69,244
-1
4,1075.00,1193.84,239
-1
1,1075.00,1193.41,240
-1
2,1075.00,1193.71,239
-1
2,1076.00,1192.96,243
-1
2,1076.00,1192.17,242
-1
3,1076.00,1192.41,241
-1
3,1075.00,1192.38,240
-1
1,1075.00,1191.01,241
-1
1,1077.00,1188.63,243
-1
2,1072.00,1186.29,242
-1
3,1069.00,1183.76,242
-1
3,1067.00,1181.58,241
-1
3,1068.00,1182.10,239
-1
3,1064.00,1183.06,236
-1
3,1064.00,1179.50,238
-1
3,1066.00,1175.73,241
-1
3,1064.00,1170.81,238
-1
3,1061.00,1169.71,238
-1
3,1059.00,1171.58,241
-1
3,1045.00,1156.57,240
-1
1,1041.00,1159.28,227
-1
1,1047.00,1155.27,238
-1
2,1047.00,1155.14,236
-1
1,1046.00,1153.21,238
-1
5,1044.00,1154.70,236
-1
4,1044.00,1151.26,234
-1
1,1043.00,1151.54,235
-1
4,1044.00,1150.78,232
-1
3,1044.00,1148.88,233
-1
4,1044.00,1147.19,231
-1
2,1041.00,1145.34,230
-1