 0,1644.00,1828.19, 101
-1
 1,2944.00,3841.04, 950
2,1034.00,1105.57, 176
 3,2243.00,2421.67, 170
 4,1874.00,2042.59,  96
 5,1393.00,1739.68, 225
 0,1644.00,1828.22, 100
-1
 1,2943.00,3840.83, 951
2,1035.00,1106.88, 177
 3,2243.00,2421.63, 170
 4,1874.00,2042.49,  96
 5,1393.00,1739.83, 224
 0,1644.00,1828.09, 101
-1
1,1035.00,1108.04, 177
 2,2243.00,2421.61, 170
 3,1874.00,2042.44,  96
 4,1393.00,1739.60, 226
 5,2943.00,3840.67, 950
 0,1644.00,1827.96, 100
-1
1,1034.00,1108.63, 176
 2,2243.00,2421.47, 170
 3,1874.00,2042.23,  96
 4,1394.00,1740.09, 226
 5,2943.00,3840.27, 950
 0,1644.00,1827.89, 100
-1
1,1034.00,1109.03, 176
 2,2243.00,2421.51, 170
 3,1874.00,2042.08,  96
 4,1394.00,1739.51, 227
 5,2943.00,3839.91, 950
 0,1644.00,1827.83, 101
-1
1,1034.00,1107.31, 177
 2,2243.00,2421.30, 170
 3,1874.00,2042.06,  96
 4,1394.00,1739.65, 227
 5,2943.00,3839.51, 950
 0,1644.00,1827.75, 101
-1
1,1033.00,1105.54, 177
 2,2243.00,2421.06, 170
 3,1874.00,2041.90,  96
 4,1394.00,1739.57, 227
 5,2943.00,3840.36, 950
 0,1644.00,1827.58, 101
-1
1,1033.00,1104.37, 177
 2,2243.00,2420.90, 170
 3,1874.00,2041.85,  95
 4,1395.00,1740.55, 227
 5,2943.00,3840.17, 951
 0,1643.00,1826.81, 101
-1
1,1032.00,1102.20, 176
 2,2244.00,2421.22, 170
 3,1874.00,2042.30,  96
 4,1396.00,1740.45, 227
 5,2942.00,3839.20, 950
 0,1643.00,1826.83, 101
-1
1,1032.00,1099.72, 176
 2,2243.00,2420.13, 170
 3,1874.00,2042.15,  96
 4,1395.00,1739.45, 227
 5,2941.00,3838.89, 951
 0,1643.00,1827.32, 102
-1
 1,1619.00,1977.89, 141
2,1032.00,1099.34, 175
 3,2244.00,2420.87, 171
 4,1873.00,2041.67,  96
 5,1395.00,1738.84, 228
 6,2941.00,3838.54, 953
 0,1643.00,1827.16, 101
-1
 1,1618.00,1978.25, 141
 2,2243.00,2419.58, 170
 3,1873.00,2041.79,  96
4,1032.00,1099.66, 175
 5,1395.00,1738.91, 227
 6,2943.00,3839.78, 952
 0,1644.00,1828.06, 100
-1
 1,1619.00,1978.12, 140
2,1032.00,1100.74, 175
 3,2243.00,2419.45, 171
 4,1873.00,2041.75,  96
 5,1395.00,1738.72, 229
 6,2940.00,3838.01, 952
 0,1644.00,1827.40, 100
-1
 1,1620.00,1978.02, 141
 2,2243.00,2420.17, 171
 3,1873.00,2041.68,  95
4,1032.00,1101.24, 175
 5,1395.00,1739.35, 229
 6,2942.00,3839.47, 951
 0,1644.00,1827.66, 100
-1
 1,1619.00,1980.15, 140
2,1032.00,1100.63, 174
 3,2243.00,2420.43, 171
 4,1873.00,2041.48,  96
 5,1392.00,1740.36, 231
 6,2939.00,3837.64, 947
 0,1644.00,1827.59,  99
-1
 1,1619.00,1978.96, 140
2,1031.00,1099.43, 173
 3,2243.00,2420.56, 171
 4,1874.00,2042.17,  95
 5,1393.00,1739.92, 232
 6,2942.00,3836.87, 948
 0,1644.00,1827.93,  99
-1
 1,1617.00,1982.25, 139
2,1031.00,1099.10, 173
 3,2243.00,2421.83, 172
 4,1392.00,1738.61, 232
 5,1874.00,2042.76,  95
 6,2943.00,3835.12, 947
 0,1644.00,1828.06,  99
-1
 1,1617.00,1981.97, 140
2,1031.00,1099.22, 173
 3,2242.00,2421.58, 172
 4,1391.00,1738.35, 233
 5,1873.00,2042.06,  96
 6,2943.00,3834.79, 947
 0,1644.00,1827.88,  99
-1
 1,2242.00,2421.49, 173
2,1031.00,1099.37, 173
 3,1618.00,1981.52, 140
 4,1873.00,2041.96,  96
 5,1392.00,1739.55, 233
 6,2941.00,3835.02, 944
 0,1644.00,1827.80,  99
-1
 1,2242.00,2422.05, 173
2,1030.00,1098.55, 173
 3,1619.00,1980.68, 141
 4,1873.00,2041.91,  96
 5,1391.00,1739.15, 234
 6,2941.00,3836.04, 946
 0,1643.00,1826.88, 100
-1
 1,2243.00,2422.23, 172
2,1030.00,1098.40, 173
 3,1618.00,1980.48, 142
 4,1873.00,2042.04,  96
 5,1392.00,1740.32, 234
 6,2943.00,3836.62, 941
 0,1643.00,1827.22, 101
-1
 1,1617.00,1980.96, 141
2,1030.00,1098.34, 173
 3,2242.00,2421.23, 173
 4,1874.00,2042.71,  97
 5,1392.00,1739.19, 232
 6,2942.00,3835.23, 942
 0,1643.00,1827.52, 102
-1
 1,2941.00,3835.94, 944
2,1030.00,1098.31, 173
 3,2242.00,2420.82, 173
 4,1873.00,2042.27,  97
 5,1393.00,1740.34, 231
 0,1643.00,1827.90, 103
-1
 1,1617.00,1980.11, 142
2,1030.00,1097.70, 173
 3,2241.00,2421.14, 173
 4,1873.00,2042.72,  97
 5,1394.00,1740.59, 233
 6,2944.00,3834.99, 943
 0,1644.00,1828.45, 102
-1
 1,1617.00,1979.04, 142
 2,1142.00,1441.59, 247
3,1030.00,1097.69, 174
 4,2241.00,2421.22, 173
 5,1874.00,2043.11,  96
 6,1392.00,1740.61, 234
 7,2946.00,3834.91, 940
 0,1644.00,1828.01, 102
-1
 1,1618.00,1978.60, 142
 2,1141.00,1440.60, 246
 3,2240.00,2421.19, 173
 4,1873.00,2042.14,  96
 5,1392.00,1741.15, 234
 6,2948.00,3834.21, 938
7,1031.00,1098.22, 174
 0,1644.00,1828.23, 103
-1
 1,2240.00,2421.83, 173
 2,1146.00,1443.54, 246
3,1031.00,1098.66, 174
 4,1617.00,1979.47, 144
 5,1872.00,2042.57,  96
 6,1391.00,1738.86, 233
 7,2947.00,3833.04, 940
 0,1642.00,1827.92, 104
-1
 1,1150.00,1445.55, 239
2,1031.00,1098.69, 175
 3,2235.00,2421.00, 173
 4,1872.00,2043.58,  95
 5,1397.00,1742.27, 237
 6,2952.00,3837.65, 942
 0,1642.00,1828.01, 104
-1
 1,1150.00,1444.26, 240
 2,1398.00,1742.46, 237
 3,2235.00,2420.85, 173
 4,1872.00,2043.60,  95
5,1031.00,1098.91, 175
 6,2953.00,3838.43, 943
 0,1642.00,1828.00, 104
-1
 1,1150.00,1444.79, 241
 2,1872.00,2043.38,  95
 3,2235.00,2420.94, 172
 4,1398.00,1742.38, 237
5,1031.00,1098.71, 175
 6,2954.00,3836.83, 940
 0,1642.00,1828.16, 104
-1
 1,1150.00,1443.57, 240
 2,1872.00,2043.28,  95
 3,2235.00,2420.99, 172
 4,1398.00,1742.09, 237
5,1031.00,1099.22, 175
 6,2955.00,3836.41, 940
 0,1642.00,1828.28, 104
-1
 1,1149.00,1443.88, 242
2,1031.00,1099.14, 175
 3,2235.00,2421.11, 173
 4,1872.00,2043.60,  96
 5,1397.00,1742.00, 236
 6,2956.00,3835.08, 941
 0,1643.00,1828.72, 104
-1
 1,1150.00,1444.13, 243
2,1032.00,1100.48, 175
 3,2235.00,2420.02, 173
 4,1872.00,2043.18,  95
 5,1396.00,1742.32, 235
 6,2956.00,3834.46, 940
 0,1643.00,1828.30, 103
-1
 1,1149.00,1444.66, 244
2,1032.00,1100.93, 176
 3,2235.00,2420.22, 173
 4,1872.00,2042.99,  96
 5,1396.00,1743.26, 234
 6,2956.00,3833.41, 939
 0,1643.00,1828.77, 103
-1
 1,1151.00,1444.87, 243
2,1031.00,1100.60, 175
 3,2234.00,2419.34, 173
 4,1872.00,2043.30,  96
 5,1396.00,1743.29, 235
 6,2955.00,3833.92, 939
 0,1643.00,1828.69, 102
-1
 1,1151.00,1444.74, 242
2,1031.00,1100.89, 174
 3,2235.00,2419.99, 173
 4,1872.00,2042.95,  95
 5,1397.00,1742.44, 235
 6,2958.00,3832.68, 939
 0,1643.00,1828.48, 102
-1
 1,1152.00,1445.22, 241
 2,2235.00,2420.01, 173
 3,1872.00,2042.57,  95
 4,1397.00,1743.10, 235
5,1031.00,1101.72, 173
 6,2956.00,3833.10, 941
 0,1643.00,1828.58, 103
-1
 1,1154.00,1445.27, 240
 2,2235.00,2419.94, 172
 3,1872.00,2042.39,  94
 4,1397.00,1743.38, 236
5,1030.00,1100.45, 173
 6,2957.00,3834.74, 940
 0,1643.00,1828.57, 103
-1
 1,1152.00,1443.71, 241
 2,2235.00,2420.19, 172
 3,1872.00,2042.73,  95
 4,1397.00,1742.11, 235
5,1030.00,1100.86, 173
 6,2954.00,3835.31, 941
 0,1643.00,1828.03, 103
-1
 1,1154.00,1444.42, 241
 2,2235.00,2420.89, 172
 3,1872.00,2041.98,  95
 4,1398.00,1742.61, 236
5,1030.00,1100.90, 173
 6,2954.00,3835.36, 943
 0,1643.00,1828.17, 104
-1
 1,1153.00,1443.25, 242
 2,2236.00,2421.36, 173
 3,1873.00,2042.95,  95
 4,1397.00,1741.84, 232
5,1030.00,1100.32, 173
 6,2956.00,3836.49, 941
 0,1643.00,1828.37, 103
-1
 1,1154.00,1442.64, 241
 2,2236.00,2421.25, 173
 3,1872.00,2042.30,  95
 4,1396.00,1741.19, 233
5,1030.00,1099.71, 173
 6,2956.00,3836.29, 937
 0,1643.00,1828.32, 102
-1
 1,2236.00,2421.74, 173
 2,1619.00,1982.85, 144
 3,1396.00,1741.06, 235
 4,1873.00,2042.96,  96
 5,1155.00,1441.90, 241
6,1030.00,1099.55, 174
 7,2957.00,3836.76, 934
 0,1644.00,1828.71, 102
-1
 1,2237.00,2420.82, 173
 2,1154.00,1442.09, 240
 3,1873.00,2042.89,  96
 4,1396.00,1742.35, 234
5,1030.00,1100.66, 173
 6,2955.00,3838.13, 937
 0,1643.00,1828.78, 102
-1
 1,2236.00,2420.56, 173
2,1030.00,1100.59, 173
 3,1152.00,1444.55, 241
 4,1872.00,2042.62,  95
 5,1397.00,1743.17, 234
 6,2949.00,3835.23, 938
 0,1644.00,1827.68, 101
-1
 1,1152.00,1443.18, 240
 2,1620.00,1980.23, 144
 3,2237.00,2419.23, 172
 4,1873.00,2042.96,  94
 5,1397.00,1745.40, 235
6,1029.00,1100.18, 173
 7,2943.00,3834.56, 937
 0,1644.00,1828.36, 101
-1
 1,2237.00,2419.73, 172
 2,1620.00,1980.72, 145
 3,1396.00,1745.38, 235
 4,1152.00,1443.76, 240
 5,1872.00,2042.75,  95
6,1029.00,1100.13, 173
 7,2944.00,3834.21, 938
 0,1644.00,1828.22, 101
-1
 1,2237.00,2419.69, 172
 2,1621.00,1979.72, 145
 3,1872.00,2042.41,  95
 4,1396.00,1745.81, 235
5,1030.00,1100.75, 173
 6,1151.00,1443.96, 241
 7,2943.00,3834.58, 936
 0,1644.00,1828.69, 101
-1
 1,2237.00,2419.73, 172
 2,1620.00,1979.09, 146
 3,1872.00,2042.86,  95
 4,1396.00,1746.14, 235
5,1030.00,1100.43, 173
 6,1152.00,1444.60, 241
 7,2943.00,3833.60, 937
 0,1643.00,1827.65, 101
-1
 1,2236.00,2418.78, 172
 2,1619.00,1979.30, 146
3,1030.00,1100.20, 172
 4,1148.00,1443.66, 244
 5,1872.00,2042.78,  95
 6,1396.00,1746.08, 235
 7,2945.00,3833.93, 935
 0,1643.00,1828.31, 101
-1
 1,2237.00,2419.12, 173
 2,1620.00,1978.33, 146
 3,1149.00,1444.37, 243
 4,1872.00,2042.28,  95
 5,1395.00,1744.10, 234
6,1030.00,1100.58, 173
 7,2945.00,3833.64, 937
 0,1643.00,1829.05, 102
-1
 1,2236.00,2419.44, 173
 2,1146.00,1444.05, 245
 3,1872.00,2042.67,  96
 4,1395.00,1743.83, 232
5,1029.00,1099.99, 172
 6,2947.00,3834.36, 937
 0,1643.00,1828.62, 103
-1
 1,2236.00,2419.51, 174
2,1029.00,1099.62, 172
 3,1146.00,1444.85, 245
 4,1872.00,2042.12,  95
 5,1396.00,1744.21, 236
 6,2944.00,3835.23, 937
 0,1643.00,1829.22, 103
-1
 1,2236.00,2419.31, 174
 2,1146.00,1445.52, 245
 3,1872.00,2041.86,  96
 4,1396.00,1743.39, 235
5,1030.00,1099.83, 172
 6,2947.00,3835.27, 940
 0,1643.00,1828.68, 103
-1
 1,2236.00,2419.47, 174
2,1030.00,1099.21, 172
 3,1146.00,1446.06, 246
 4,1872.00,2041.98,  95
 5,1397.00,1743.72, 236
 6,2942.00,3834.00, 943
 0,1644.00,1828.94, 103
-1
 1,2236.00,2419.82, 174
 2,1621.00,1980.71, 143
3,1030.00,1099.00, 172
 4,1149.00,1445.73, 245
 5,1872.00,2042.35,  95
 6,1398.00,1744.99, 239
 7,2946.00,3834.79, 942
 0,1644.00,1827.72, 102
-1
 1,2233.00,2418.48, 172
 2,1393.00,1739.92, 233
 3,1136.00,1445.56, 256
 4,1873.00,2043.03,  95
5,1032.00,1101.28, 172
 6,2940.00,3834.88, 941
 0,1644.00,1828.24, 103
-1
 1,2233.00,2418.23, 172
2,1032.00,1101.49, 172
 3,1133.00,1444.29, 254
 4,1872.00,2042.53,  95
 5,1393.00,1739.94, 231
 6,2935.00,3836.82, 940
 0,1644.00,1828.00, 103
-1
 1,1129.00,1445.98, 256
 2,1872.00,2042.50,  96
 3,1393.00,1740.20, 230
4,1031.00,1100.41, 171
 5,2941.00,3834.69, 935
 0,1644.00,1827.72, 101
-1
 1,1129.00,1445.63, 256
 2,2234.00,2418.03, 170
 3,1872.00,2041.79,  96
 4,1393.00,1740.75, 229
5,1032.00,1100.25, 171
 6,2937.00,3836.25, 942
 0,1643.00,1827.00, 102
-1
 1,1133.00,1442.73, 252
 2,2234.00,2416.85, 170
 3,1872.00,2041.41,  95
 4,1394.00,1741.69, 230
5,1031.00,1100.04, 171
 6,2939.00,3837.54, 934
 0,1643.00,1827.59, 102
-1
 1,2234.00,2417.11, 173
 2,2938.00,3836.31, 931
3,1030.00,1100.87, 171
 4,1139.00,1443.08, 249
 5,1872.00,2041.61,  96
 6,1391.00,1741.93, 234
 0,1643.00,1827.84, 103
-1
 1,1137.00,1443.17, 251
2,1030.00,1100.83, 172
 3,2234.00,2417.53, 174
 4,1872.00,2042.07,  96
 5,1391.00,1742.64, 232
 6,2940.00,3836.96, 934
 0,1643.00,1827.55, 103
-1
 1,1137.00,1441.72, 247
2,1032.00,1102.36, 171
 3,2233.00,2417.12, 172
 4,1872.00,2042.28,  95
 5,1391.00,1741.14, 233
 6,2940.00,3837.85, 932
 0,1644.00,1827.94, 104
-1
 1,2235.00,2418.70, 172
 2,1623.00,1975.10, 140
3,1030.00,1102.75, 171
 4,1144.00,1442.15, 246
 5,1872.00,2041.69,  95
 6,1390.00,1740.72, 234
 7,2950.00,3837.31, 936
 0,1644.00,1827.19, 103
-1
 1,2234.00,2418.08, 172
 2,2942.00,3837.83, 936
3,1030.00,1102.54, 171
 4,1143.00,1441.88, 246
 5,1872.00,2041.53,  94
 6,1389.00,1739.40, 232
 0,1644.00,1827.88, 103
-1
 1,2233.00,2416.69, 172
 2,1621.00,1979.01, 140
 3,1872.00,2041.54,  95
4,1030.00,1103.96, 172
 5,1389.00,1740.01, 231
 6,1146.00,1442.73, 244
 7,2946.00,3836.38, 937
 0,1644.00,1827.36, 103
-1
 1,1150.00,1442.04, 244
2,1030.00,1103.30, 172
 3,1872.00,2041.38,  95
 4,2236.00,2415.71, 171
 5,2944.00,3837.52, 937
 6,1390.00,1739.74, 232
 0,1644.00,1828.23, 102
-1
 1,1151.00,1442.62, 242
2,1029.00,1102.83, 173
 3,1872.00,2042.13,  95
 4,2235.00,2416.38, 172
 5,2947.00,3838.64, 941
 6,1390.00,1741.02, 231
 0,1644.00,1828.70, 103
-1
 1,1152.00,1441.76, 241
2,1029.00,1104.01, 173
 3,1872.00,2042.22,  95
 4,2235.00,2416.21, 173
 5,2945.00,3838.62, 940
 6,1389.00,1740.14, 230
 0,1644.00,1829.94, 104
-1
 1,2234.00,2418.30, 172
2,1030.00,1103.88, 172
 3,1153.00,1441.77, 238
 4,1872.00,2043.41,  95
 5,2938.00,3836.49, 937
 6,1389.00,1738.31, 229
 0,1644.00,1829.99, 106
-1
 1,2234.00,2418.16, 173
2,1029.00,1102.34, 172
 3,1872.00,2043.85,  96
 4,1154.00,1441.57, 239
 5,2940.00,3834.62, 935
 6,1387.00,1737.06, 230
 0,1644.00,1829.65, 105
-1
 1,2235.00,2418.17, 172
2,1027.00,1102.69, 172
 3,1152.00,1442.61, 239
 4,1872.00,2042.92,  96
 5,2940.00,3834.54, 938
 6,1388.00,1737.98, 230
 0,1644.00,1828.54, 105
-1
 1,2236.00,2418.51, 171
 2,1624.00,1976.95, 141
3,1026.00,1102.09, 173
 4,1149.00,1442.77, 244
 5,1873.00,2042.26,  95
 6,2946.00,3836.98, 942
 7,1392.00,1738.23, 233
 0,1643.00,1825.90, 104
-1
 1,1143.00,1442.41, 241
 2,1623.00,1976.85, 142
3,1027.00,1103.76, 172
 4,2237.00,2418.99, 170
 5,1874.00,2041.02,  97
 6,1402.00,1745.42, 227
 7,2937.00,3837.39, 942
 0,1644.00,1826.80, 104
-1
 1,1145.00,1443.57, 241
 2,1625.00,1976.86, 142
3,1027.00,1104.60, 172
 4,1874.00,2040.68,  96
 5,2238.00,2418.14, 170
 6,1400.00,1743.97, 231
 7,2939.00,3836.08, 939
 0,1644.00,1827.39, 104
-1
 1,1148.00,1442.46, 242
 2,1625.00,1977.97, 142
3,1027.00,1104.55, 172
 4,2236.00,2419.33, 172
 5,1873.00,2041.96,  97
 6,1400.00,1743.21, 230
 7,2942.00,3839.20, 935
 0,1644.00,1827.45, 104
-1
 1,2236.00,2419.87, 172
 2,1624.00,1979.47, 142
 3,1149.00,1443.64, 242
 4,1873.00,2042.75,  98
 5,1399.00,1742.97, 230
 6,2945.00,3840.22, 933
7,1028.00,1105.87, 171
 0,1644.00,1827.38, 104
-1
 1,2236.00,2419.88, 172
 2,1625.00,1978.38, 143
 3,1149.00,1443.65, 242
 4,1873.00,2042.43,  98
 5,1398.00,1742.37, 230
 6,2945.00,3840.27, 934
7,1027.00,1105.28, 172
 0,1644.00,1828.31, 104
-1
 1,2235.00,2419.48, 173
 2,1624.00,1979.29, 144
 3,1873.00,2042.65,  98
 4,1150.00,1444.52, 242
 5,1397.00,1743.91, 231
 6,2942.00,3841.13, 939
7,1028.00,1105.20, 172
 0,1644.00,1827.97, 104
-1
 1,2235.00,2419.67, 173
 2,1625.00,1974.98, 145
 3,1873.00,2042.08,  98
 4,1395.00,1743.17, 229
 5,1148.00,1444.37, 242
 6,2941.00,3840.41, 938
7,1029.00,1104.44, 172
 0,1644.00,1828.02, 104
-1
 1,2235.00,2419.70, 173
 2,1626.00,1973.51, 144
 3,1873.00,2041.74,  98
 4,1394.00,1742.22, 226
 5,1146.00,1443.99, 242
 6,2942.00,3840.76, 937
7,1028.00,1103.88, 172
 0,1644.00,1826.96, 104
-1
 1,1625.00,1976.07, 144
 2,2236.00,2418.47, 174
3,1027.00,1103.59, 172
 4,1873.00,2041.68,  96
 5,1393.00,1742.34, 231
 6,1143.00,1443.06, 244
 7,2946.00,3841.07, 935
 0,1645.00,1828.10, 105
-1
 1,2236.00,2419.02, 174
 2,1624.00,1976.31, 143
 3,1393.00,1741.33, 229
 4,1873.00,2042.48,  96
 5,1140.00,1441.83, 246
 6,2943.00,3840.50, 934
7,1027.00,1103.31, 172
 0,1645.00,1828.52, 104
-1
 1,1622.00,1978.93, 144
 2,2235.00,2418.95, 173
3,1028.00,1102.03, 171
 4,1874.00,2042.52,  97
 5,1144.00,1444.46, 245
 6,1395.00,1742.38, 234
 7,2943.00,3837.65, 932
 0,1644.00,1829.13, 103
-1
 1,2942.00,3833.89, 930
2,1029.00,1102.80, 172
 3,1871.00,2043.86,  97
 4,1149.00,1447.86, 241
 5,1395.00,1742.95, 231
 0,1395.00,1742.85, 234
-1
 1,1145.00,1447.16, 244
 2,2940.00,3833.35, 928
3,1030.00,1101.76, 173
 4,1644.00,1830.17, 104
 5,1871.00,2044.84,  99
 0,1643.00,1829.32, 103
-1
 1,2942.00,3834.03, 929
2,1031.00,1104.21, 173
 3,1392.00,1741.75, 237
 4,1871.00,2044.08,  97
 5,1151.00,1444.79, 239
 0,1145.00,1441.67, 242
-1
 1,1394.00,1742.77, 236
 2,1871.00,2043.97,  98
 3,1617.00,1983.52, 140
 4,2234.00,2421.91, 173
5,1030.00,1102.79, 174
 6,1643.00,1829.63, 103
 0,1643.00,1831.12, 104
-1
 1,1619.00,1982.78, 141
 2,2233.00,2421.71, 173
 3,1395.00,1741.90, 236
 4,1871.00,2044.72,  97
5,1030.00,1103.21, 174
 6,2941.00,3834.53, 930
 7,1144.00,1442.92, 241
 0,1643.00,1830.59, 104
-1
 1,2234.00,2421.00, 172
 2,1623.00,1977.87, 142
 3,1871.00,2043.41,  97
 4,1145.00,1440.83, 240
 5,1396.00,1744.96, 237
 6,2945.00,3834.40, 930
7,1030.00,1105.58, 174
 0,1642.00,1829.60, 104
-1
 1,2234.00,2421.27, 172
 2,1623.00,1979.53, 143
 3,1397.00,1745.22, 237
 4,1871.00,2043.99,  97
 5,1140.00,1442.80, 243
 6,2943.00,3836.99, 932
7,1029.00,1102.88, 172
 0,1642.00,1828.47, 104
-1
 1,2234.00,2420.17, 171
 2,1623.00,1980.08, 142
3,1030.00,1103.06, 171
 4,1871.00,2043.34,  96
 5,1396.00,1744.88, 238
 6,1141.00,1443.07, 245
 7,2945.00,3836.10, 933
 0,1643.00,1829.38, 104
-1
 1,2234.00,2420.33, 172
 2,1619.00,1982.11, 143
 3,1871.00,2043.28,  96
 4,1394.00,1743.34, 241
 5,1150.00,1441.86, 237
 6,2946.00,3834.41, 938
7,1028.00,1101.53, 172
 0,1643.00,1829.97, 104
-1
 1,2234.00,2420.36, 171
 2,1619.00,1980.65, 143
 3,1871.00,2043.85,  95
 4,1155.00,1443.03, 234
 5,1394.00,1743.18, 238
 6,2945.00,3835.04, 939
7,1028.00,1100.80, 172
 0,1643.00,1829.53, 103
-1
 1,2235.00,2419.86, 172
 2,1620.00,1979.53, 141
 3,1871.00,2043.42,  95
 4,1157.00,1440.71, 235
 5,1395.00,1745.64, 241
 6,2947.00,3834.00, 941
7,1029.00,1103.94, 171
 0,1643.00,1829.40, 104
-1
 1,2235.00,2420.84, 171
2,1029.00,1105.52, 172
 3,1872.00,2042.77,  96
 4,1154.00,1441.35, 239
 5,2951.00,3834.38, 939
 6,1394.00,1744.77, 241
 0,1643.00,1829.55, 103
-1
 1,2235.00,2419.46, 171
2,1028.00,1102.64, 173
 3,1872.00,2042.30,  96
 4,1393.00,1744.81, 238
 5,2950.00,3837.20, 941
 6,1155.00,1441.48, 237
 0,1643.00,1828.85, 102
-1
 1,2235.00,2420.65, 170
 2,1622.00,1976.83, 141
3,1028.00,1098.39, 173
 4,1872.00,2042.68,  96
 5,1157.00,1441.40, 238
 6,2952.00,3836.64, 939
 7,1393.00,1744.87, 241
 0,1643.00,1829.32, 103
-1
 1,1871.00,2042.67,  96
2,1028.00,1097.45, 174
 3,2235.00,2419.91, 171
 4,1157.00,1444.30, 240
 5,2949.00,3837.90, 941
 6,1390.00,1745.15, 241
 0,1644.00,1829.46, 103
-1
 1,2235.00,2419.49, 171
 2,1627.00,1974.89, 141
 3,1872.00,2043.09,  96
 4,1162.00,1442.17, 236
 5,1387.00,1743.20, 241
 6,2948.00,3837.40, 941
7,1028.00,1094.64, 171
 0,1644.00,1829.68, 103
-1
 1,1872.00,2043.39,  97
 2,1626.00,1977.27, 143
 3,2236.00,2419.78, 171
 4,1167.00,1440.93, 232
 5,1389.00,1743.80, 239
 6,2948.00,3837.01, 939
7,1026.00,1090.21, 171
 0,1644.00,1830.22, 104
-1
 1,1871.00,2043.06,  98
 2,2236.00,2421.82, 171
 3,1626.00,1975.08, 143
 4,1166.00,1442.42, 232
 5,1389.00,1742.16, 235
 6,2945.00,3834.10, 941
7,1025.00,1090.05, 171
 0,1644.00,1830.56, 103
-1
 1,1871.00,2043.86,  99
 2,1167.00,1442.64, 233
 3,2235.00,2421.38, 172
4,1027.00,1092.54, 174
 5,1623.00,1977.31, 144
 6,2946.00,3834.27, 941
 7,1388.00,1741.24, 239
 0,1645.00,1830.44, 105
-1
 1,2236.00,2418.66, 173
 2,1871.00,2043.33,  98
3,1026.00,1088.12, 167
 4,1390.00,1743.64, 235
 5,1158.00,1446.27, 232
 6,2939.00,3837.32, 951
 0,1644.00,1830.64, 105
-1
 1,2236.00,2418.60, 173
2,1025.00,1087.53, 168
 3,1160.00,1445.41, 230
 4,1393.00,1744.10, 232
 5,2943.00,3837.12, 943
 6,1872.00,2043.96,  98
 0,1871.00,2044.32,  99
-1
 1,1162.00,1447.18, 228
 2,2943.00,3835.86, 940
3,1026.00,1089.43, 169
 4,1645.00,1831.55, 106
 0,1871.00,2043.62,  99
-1
 1,2946.00,3837.20, 941
2,1026.00,1089.69, 170
 3,1645.00,1831.04, 107
 4,1156.00,1449.99, 233
 0,1644.00,1831.34, 106
-1
 1,1871.00,2044.19,  99
2,1026.00,1089.60, 174
 3,1399.00,1746.13, 231
 4,1155.00,1447.50, 233
 5,2940.00,3837.37, 941
 0,1871.00,2044.09,  99
-1
 1,1153.00,1450.52, 240
 2,1400.00,1748.43, 230
3,1024.00,1090.42, 172
 4,2944.00,3837.90, 941
 5,1643.00,1830.76, 107
 0,1643.00,1830.41, 106
-1
 1,1398.00,1748.77, 233
 2,1155.00,1450.17, 237
 3,1871.00,2043.58,  98
4,1022.00,1087.85, 171
 5,2943.00,3839.02, 937
 0,1644.00,1830.13, 106
-1
 1,1396.00,1747.12, 233
2,1022.00,1086.53, 170
 3,2234.00,2417.76, 173
 4,1157.00,1448.58, 238
 5,1872.00,2042.50,  98
 6,2939.00,3837.21, 949
 0,1644.00,1830.00, 106
-1
 1,1398.00,1747.44, 232
2,1022.00,1085.51, 170
 3,2234.00,2418.10, 172
 4,1155.00,1448.64, 240
 5,1872.00,2042.73,  97
 6,2940.00,3837.47, 947
 0,1643.00,1829.82, 106
-1
 1,1399.00,1746.22, 233
2,1022.00,1085.16, 177
 3,2233.00,2418.81, 172
 4,1150.00,1453.19, 242
 5,1872.00,2043.07,  98
 6,2940.00,3838.50, 948
 0,1644.00,1829.65, 105
-1
 1,1395.00,1746.94, 233
 2,1621.00,1979.29, 138
 3,1142.00,1446.41, 241
 4,1873.00,2043.86,  97
 5,2233.00,2419.21, 170
 6,2948.00,3839.68, 950
7,1020.00,1085.45, 180
 0,1644.00,1829.43, 104
-1
 1,1397.00,1745.86, 233
 2,1132.00,1444.59, 247
 3,1873.00,2043.25,  96
 4,2233.00,2419.15, 170
5,1018.00,1086.02, 177
 6,2950.00,3840.72, 949
 0,1644.00,1829.94, 104
-1
 1,1394.00,1744.52, 233
2,1014.00,1086.09, 176
 3,2950.00,3838.74, 950
 4,1874.00,2042.90,  96
 5,1136.00,1447.16, 246
 6,2235.00,2418.97, 169
 0,1644.00,1829.31, 104
-1
 1,1875.00,2043.11,  96
2,1015.00,1086.19, 176
 3,2236.00,2418.64, 169
 4,1135.00,1444.47, 247
 5,1395.00,1743.03, 231
 6,2953.00,3840.11, 947
 0,1644.00,1829.16, 103
-1
 1,1874.00,2042.69,  96
 2,2951.00,3838.17, 947
3,1015.00,1087.54, 176
 4,2235.00,2418.79, 169
 5,1142.00,1445.43, 245
 6,1395.00,1743.63, 234
 0,1644.00,1828.21, 102
-1
 1,1875.00,2042.81,  95
 2,1619.00,1981.52, 142
 3,1143.00,1442.54, 243
 4,1392.00,1742.91, 236
 5,2235.00,2419.05, 168
 6,2951.00,3835.89, 938
7,1013.00,1087.80, 172
 0,1644.00,1829.14, 103
-1
 1,1874.00,2043.62,  95
 2,1619.00,1981.69, 142
3,1010.00,1088.57, 172
 4,1139.00,1443.68, 248
 5,1393.00,1743.74, 240
 6,2235.00,2419.47, 169
 7,2950.00,3836.09, 938
 0,1644.00,1829.12, 103
-1
 1,1874.00,2043.09,  96
 2,1623.00,1977.04, 143
3,1009.00,1089.67, 175
 4,1137.00,1443.02, 247
 5,1393.00,1743.42, 240
 6,2235.00,2419.13, 168
 7,2947.00,3836.86, 937
 0,1644.00,1829.52, 102
-1
 1,1873.00,2042.57,  96
2,1012.00,1091.27, 174
 3,1140.00,1441.87, 246
 4,1394.00,1744.90, 236
 5,2235.00,2419.33, 168
 0,1644.00,1828.90, 102
-1
 1,1873.00,2042.17,  96
 2,2946.00,3837.83, 933
3,1011.00,1090.73, 175
 4,1139.00,1442.53, 245
 5,1396.00,1745.70, 235
 6,2236.00,2419.53, 169
 0,1644.00,1829.51, 103
-1
 1,1874.00,2042.35,  97
2,1011.00,1090.09, 175
 3,1139.00,1443.18, 243
 4,2235.00,2419.21, 168
 5,1394.00,1744.35, 234
 0,1644.00,1830.04, 102
-1
 1,1873.00,2042.30,  98
2,1010.00,1090.34, 175
 3,2234.00,2418.71, 171
 4,1143.00,1444.00, 242
 5,2947.00,3833.33, 933
 6,1393.00,1741.79, 234
 0,1644.00,1829.76, 103
-1
 1,2235.00,2418.86, 171
2,1010.00,1091.67, 174
 3,1873.00,2042.63,  98
 4,1141.00,1441.95, 242
 5,2952.00,3834.20, 934
 6,1393.00,1741.07, 232
 0,1644.00,1830.16, 103
-1
 1,2235.00,2418.51, 171
2,1009.00,1090.26, 175
 3,1873.00,2042.78,  98
 4,1135.00,1443.01, 244
 5,1394.00,1741.14, 233
 6,2949.00,3832.50, 932
 0,1644.00,1830.22, 103
-1
 1,1873.00,2042.74,  97
2,1009.00,1091.23, 177
 3,1138.00,1442.66, 242
 4,2235.00,2418.10, 171
 5,2950.00,3832.40, 938
 6,1394.00,1742.37, 234
 0,1644.00,1830.18, 103
-1
 1,1139.00,1441.59, 243
2,1014.00,1094.21, 176
 3,1873.00,2042.91,  96
 4,2235.00,2417.98, 171
 5,2949.00,3830.58, 938
 6,1393.00,1742.60, 233
 0,1644.00,1830.11, 103
-1
 1,1142.00,1442.53, 242
 2,2952.00,3832.55, 937
3,1015.00,1094.45, 176
 4,1873.00,2043.19,  96
 5,2236.00,2418.72, 171
 6,1394.00,1742.72, 234
 0,1643.00,1829.73, 103
-1
 1,2234.00,2419.87, 172
2,1014.00,1096.29, 175
 3,1873.00,2043.69,  97
 4,1142.00,1442.43, 239
 5,2951.00,3833.25, 942
 6,1394.00,1741.72, 234
 0,1395.00,1740.35, 234
-1
 1,1872.00,2042.84,  98
 2,1143.00,1443.45, 241
 3,2234.00,2420.03, 172
4,1016.00,1096.94, 176
 5,2951.00,3832.58, 943
 6,1643.00,1830.08, 104
 0,1643.00,1830.18, 103
-1
 1,2234.00,2420.31, 171
2,1019.00,1095.34, 174
 3,1143.00,1442.79, 242
 4,1873.00,2044.23,  97
 5,1394.00,1739.64, 233
 6,2948.00,3833.57, 941
 0,1874.00,2043.53,  97
-1
 1,2233.00,2420.50, 171
 2,2943.00,3837.10, 944
3,1023.00,1098.38, 177
 4,1644.00,1829.35, 102
 5,1137.00,1442.19, 246
 0,1644.00,1829.31, 102
-1
1,1023.00,1099.82, 176
 2,1874.00,2043.89,  97
 3,2233.00,2420.92, 172
 4,2940.00,3836.98, 944
 0,1134.00,1440.94, 242
-1
 1,2233.00,2421.11, 171
 2,2942.00,3836.17, 942
3,1024.00,1101.10, 175
 4,1644.00,1829.49, 103
 5,1874.00,2043.44,  97
 0,2233.00,2421.63, 171
-1
 1,1144.00,1441.35, 244
 2,1874.00,2043.26,  98
3,1028.00,1101.03, 174
 4,2941.00,3836.11, 940
 5,1644.00,1829.44, 103
 0,2233.00,2422.01, 171
-1
 1,1140.00,1443.67, 243
 2,1873.00,2042.90,  98
3,1030.00,1104.40, 176
 4,2941.00,3835.86, 940
 5,1644.00,1830.01, 104
 0,1644.00,1830.51, 103
-1
 1,1873.00,2043.59,  97
 2,1137.00,1442.76, 244
3,1030.00,1104.94, 177
 4,2941.00,3837.77, 937
 5,2234.00,2423.01, 170
 0,1644.00,1829.94, 104
-1
 1,1396.00,1743.82, 233
2,1030.00,1101.74, 177
 3,1140.00,1448.91, 241
 4,2235.00,2422.65, 172
 5,1873.00,2043.37,  97
 6,2939.00,3836.69, 939
 0,1645.00,1830.72, 104
-1
 1,1397.00,1744.46, 233
2,1029.00,1102.06, 175
 3,1138.00,1447.96, 242
 4,2235.00,2422.24, 172
 5,1873.00,2042.92,  96
 6,2936.00,3834.75, 938
 0,1644.00,1830.02, 103
-1
 1,1133.00,1448.57, 244
2,1028.00,1102.08, 175
 3,1873.00,2043.06,  97
 4,1395.00,1742.98, 232
 5,2235.00,2422.28, 173
 6,2944.00,3838.90, 936
 0,1644.00,1830.56, 106
-1
 1,1117.00,1445.93, 248
 2,1873.00,2043.70,  97
 3,1401.00,1739.47, 235
4,1029.00,1098.83, 176
 5,2950.00,3836.19, 935
 0,1644.00,1830.33, 106
-1
1,1030.00,1095.24, 171
 2,1873.00,2043.79,  97
 3,1400.00,1740.03, 236
 4,2948.00,3836.03, 930
 0,1644.00,1827.25, 105
-1
 1,1129.00,1448.80, 243
 2,2945.00,3836.19, 935
3,1033.00,1098.09, 176
 4,2233.00,2420.20, 171
 5,1873.00,2042.72,  99
 6,1399.00,1741.51, 239
 0,1645.00,1828.08, 104
-1
 1,1126.00,1447.81, 244
 2,2945.00,3836.76, 935
3,1032.00,1096.55, 175
 4,2232.00,2420.47, 171
 5,1873.00,2043.26,  99
 6,1398.00,1741.97, 241
 0,1645.00,1828.67, 105
-1
 1,1133.00,1448.74, 243
 2,2946.00,3836.14, 933
3,1038.00,1100.00, 175
 4,2233.00,2420.66, 172
 5,1873.00,2043.66,  99
 6,1397.00,1741.88, 240
 0,1643.00,1829.23, 105
-1
1,1041.00,1100.72, 184
 2,2233.00,2423.36, 172
 3,1872.00,2045.03,  98
 4,1397.00,1742.12, 241
 5,2944.00,3833.98, 929
 0,1642.00,1828.46, 105
-1
1,1040.00,1100.72, 184
 2,2233.00,2422.76, 173
 3,1871.00,2044.61, 100
 4,1396.00,1742.27, 241
 5,2945.00,3835.16, 929
 0,1643.00,1828.83, 104
-1
 1,2232.00,2421.87, 173
 2,2941.00,3834.47, 931
3,1039.00,1102.00, 179
 4,1130.00,1451.55, 248
 5,1872.00,2044.29,  99
 6,1394.00,1742.56, 240
 0,1644.00,1829.70, 104
-1
 1,1393.00,1742.14, 237
2,1038.00,1102.68, 179
 3,1133.00,1452.66, 245
 4,1872.00,2043.64,  99
 5,2942.00,3835.51, 935
 0,1644.00,1829.70, 104
-1
 1,1392.00,1741.83, 237
2,1039.00,1107.47, 178
 3,1136.00,1451.54, 244
 4,1873.00,2044.33,  99
 5,2941.00,3836.81, 939
 0,1643.00,1829.10, 104
-1
 1,2231.00,2421.85, 173
 2,2942.00,3837.23, 937
3,1041.00,1107.66, 178
 4,1134.00,1448.66, 244
 5,1873.00,2044.44,  99
 6,1394.00,1742.98, 237
 0,1643.00,1828.81, 104
-1
 1,1394.00,1744.96, 234
2,1038.00,1104.71, 177
 3,1136.00,1449.58, 241
 4,1872.00,2044.81, 100
 5,2944.00,3835.21, 942
 0,1644.00,1829.34, 105
-1
 1,2948.00,3836.19, 940
2,1037.00,1108.41, 177
 3,1141.00,1448.03, 239
 4,1872.00,2043.87, 100
 5,1393.00,1745.03, 235
 0,1393.00,1744.79, 233
-1
 1,1873.00,2043.68, 100
 2,1143.00,1447.22, 239
3,1037.00,1108.17, 177
 4,2943.00,3835.59, 937
 5,1644.00,1828.80, 105
 0,1393.00,1743.23, 233
-1
 1,1872.00,2044.74,  99
 2,1140.00,1446.26, 241
3,1035.00,1108.17, 178
 4,2944.00,3838.86, 940
 5,1643.00,1829.09, 105
 0,1390.00,1742.63, 232
-1
 1,1871.00,2043.67,  99
 2,1141.00,1444.42, 243
3,1035.00,1110.09, 176
 4,2941.00,3838.49, 940
 5,1644.00,1828.82, 105
 0,1643.00,1829.58, 105
-1
 1,2942.00,3838.86, 938
2,1035.00,1111.03, 181
 3,1139.00,1442.83, 246
 4,1871.00,2043.96,  99
 5,1395.00,1743.72, 231
 0,1871.00,2043.94,  99
-1
 1,1138.00,1442.61, 245
 2,2944.00,3835.74, 931
3,1033.00,1109.20, 181
 4,1643.00,1829.69, 104
 5,1393.00,1744.80, 232
 0,1135.00,1437.76, 242
-1
 1,1871.00,2043.94,  98
 2,1392.00,1743.79, 230
3,1031.00,1109.40, 181
 4,2945.00,3838.37, 935
 5,1644.00,1829.82, 103
 0,1645.00,1829.45, 102
-1
 1,2943.00,3836.87, 935
2,1030.00,1107.75, 177
 3,1394.00,1745.46, 232
 4,1872.00,2042.97,  98
 5,1140.00,1439.44, 244
 0,1643.00,1828.32, 104
-1
 1,2232.00,2420.26, 171
 2,2950.00,3836.38, 932
3,1031.00,1106.55, 178
 4,1873.00,2042.62, 100
 5,1140.00,1439.17, 249
 6,1394.00,1744.10, 229
 0,1644.00,1828.82, 104
-1
 1,1142.00,1440.38, 250
 2,2232.00,2420.48, 173
3,1031.00,1106.04, 177
 4,1625.00,1978.21, 140
 5,1873.00,2042.46,  99
 6,1395.00,1742.63, 226
 7,2949.00,3833.04, 951
 0,1644.00,1829.41, 104
-1
 1,1626.00,1980.36, 140
 2,2232.00,2420.42, 174
 3,1146.00,1440.93, 247
 4,1873.00,2042.74,  99
5,1030.00,1105.93, 175
 6,2947.00,3833.36, 946
 7,1395.00,1742.01, 228
 0,1644.00,1829.29, 105
-1
 1,2946.00,3836.25, 944
2,1029.00,1107.78, 176
 3,1873.00,2043.17, 101
 4,1150.00,1441.68, 244
 5,1393.00,1742.43, 225
 0,1395.00,1743.04, 225
-1
 1,1148.00,1441.25, 245
 2,1873.00,2043.12, 100
3,1029.00,1108.42, 178
 4,2945.00,3836.60, 939
 5,1644.00,1829.91, 105
 0,1644.00,1828.72, 106
-1
 1,2944.00,3836.95, 938
2,1029.00,1104.08, 178
 3,1395.00,1742.36, 226
 4,1873.00,2042.57, 100
 5,1145.00,1439.74, 243
 0,1644.00,1828.62, 106
-1
 1,2231.00,2420.41, 173
 2,1622.00,1980.25, 140
3,1028.00,1106.24, 178
 4,1873.00,2042.02, 100
 5,1394.00,1742.06, 224
 6,1142.00,1441.66, 247
 7,2944.00,3834.90, 941
 0,1644.00,1828.72, 106
-1
 1,2231.00,2419.66, 173
 2,2941.00,3837.04, 940
3,1026.00,1102.71, 179
 4,1395.00,1742.72, 225
 5,1873.00,2041.85,  99
 6,1136.00,1440.28, 247
 0,1644.00,1828.52, 105
-1
 1,1622.00,1979.52, 140
 2,2230.00,2419.98, 173
3,1026.00,1103.78, 177
 4,1394.00,1742.56, 226
 5,1142.00,1443.01, 245
 6,1873.00,2042.60,  99
 7,2945.00,3836.99, 935
 0,1874.00,2042.23,  99
-1
 1,2235.00,2419.99, 173
 2,1144.00,1442.70, 239
 3,1623.00,1973.93, 139
4,1027.00,1099.26, 179
 5,2947.00,3839.35, 934
 6,1643.00,1828.35, 103
 0,1644.00,1828.69, 104
-1
1,1025.00,1101.06, 180
 2,1148.00,1444.24, 238
 3,2235.00,2420.34, 173
 4,1874.00,2043.28, 101
 5,2947.00,3838.98, 937
 0,1642.00,1828.91, 104
-1
 1,2234.00,2420.30, 173
2,1023.00,1103.04, 178
 3,2947.00,3838.54, 942
 4,1151.00,1444.28, 236
 5,1390.00,1744.89, 237
 6,1873.00,2043.53, 100
 0,1643.00,1828.61, 103
-1
 1,2236.00,2420.12, 172
2,1024.00,1103.12, 178
 3,2949.00,3838.70, 946
 4,1153.00,1445.84, 233
 5,1389.00,1742.93, 238
 6,1873.00,2043.26, 100
 0,1643.00,1828.59, 103
-1
 1,2236.00,2420.48, 173
2,1025.00,1102.51, 177
 3,1158.00,1446.69, 233
 4,1388.00,1744.04, 238
 5,2952.00,3837.91, 946
 6,1873.00,2043.17,  99
 0,1643.00,1826.89, 102
-1
 1,1873.00,2043.47,  98
 2,1625.00,1974.73, 141
 3,1160.00,1445.73, 232
 4,2236.00,2420.42, 172
 5,1392.00,1742.31, 237
 6,2951.00,3839.45, 940
7,1025.00,1101.29, 175
 0,1643.00,1826.95, 102
-1
 1,1158.00,1445.13, 231
2,1025.00,1100.23, 174
 3,1872.00,2042.48,  98
 4,2236.00,2421.37, 172
 5,2957.00,3838.90, 945
 6,1392.00,1743.32, 238
 0,1643.00,1826.73, 103
-1
 1,1163.00,1445.84, 229
2,1025.00,1099.74, 174
 3,1873.00,2043.09,  99
 4,2234.00,2421.44, 172
 5,2959.00,3839.33, 939
 6,1392.00,1745.56, 236
 0,1643.00,1826.47, 103
-1
 1,2233.00,2421.88, 172
2,1026.00,1100.26, 174
 3,1872.00,2042.49,  99
 4,1392.00,1745.47, 235
 5,2953.00,3837.27, 942
 6,1160.00,1445.79, 234
 0,1644.00,1826.81, 103
-1
 1,2232.00,2421.76, 172
2,1025.00,1100.28, 174
 3,1873.00,2043.62,  99
 4,1160.00,1445.90, 234
 5,2955.00,3837.38, 939
 6,1394.00,1746.27, 234
 0,1643.00,1826.90, 103
-1
 1,2233.00,2422.14, 172
2,1025.00,1101.13, 176
 3,1872.00,2043.29,  99
 4,1160.00,1446.05, 235
 5,2953.00,3838.91, 936
 6,1392.00,1745.81, 238
 0,1643.00,1827.14, 103
-1
 1,2233.00,2421.89, 172
2,1025.00,1102.08, 175
 3,1162.00,1443.58, 232
 4,1872.00,2042.65,  98
 5,2948.00,3836.20, 940
 6,1393.00,1746.01, 239
 0,1644.00,1828.32, 103
-1
 1,2233.00,2422.78, 172
2,1026.00,1101.43, 175
 3,1161.00,1445.20, 232
 4,1872.00,2043.58,  98
 5,2952.00,3833.85, 938
 6,1392.00,1745.94, 242
 0,1643.00,1827.13, 103
-1
 1,2233.00,2422.37, 172
2,1027.00,1099.14, 175
 3,1165.00,1443.70, 232
 4,1873.00,2043.86,  97
 5,2951.00,3833.51, 936
 6,1392.00,1746.14, 241
 0,1643.00,1827.74, 105
-1
 1,2233.00,2422.55, 173
2,1028.00,1099.54, 175
 3,1160.00,1442.90, 234
 4,1872.00,2042.51,  98
 5,2947.00,3835.74, 935
 6,1391.00,1746.27, 242
 0,1643.00,1827.21, 104
-1
 1,2234.00,2422.47, 173
2,1029.00,1100.09, 173
 3,1159.00,1443.81, 237
 4,1873.00,2042.66,  98
 5,2946.00,3836.08, 936
 6,1391.00,1746.56, 238
 0,1644.00,1827.48, 104
-1
 1,2234.00,2422.69, 172
2,1028.00,1100.91, 173
 3,1160.00,1443.66, 235
 4,1872.00,2042.28,  98
 5,2946.00,3836.10, 937
 6,1390.00,1745.55, 241
 0,1644.00,1827.98, 103
-1
 1,2235.00,2423.16, 173
 2,1621.00,1980.76, 143
 3,1873.00,2042.80,  98
 4,1158.00,1442.20, 235
 5,1391.00,1746.23, 238
 6,2950.00,3836.20, 935
7,1027.00,1103.70, 170
 0,1644.00,1828.04, 103
-1
 1,2234.00,2423.09, 173
2,1027.00,1103.58, 169
 3,1160.00,1441.33, 235
 4,1873.00,2043.60,  99
 5,2950.00,3835.97, 936
 6,1391.00,1746.67, 240
 0,1644.00,1828.97, 103
-1
 1,2234.00,2422.94, 173
2,1029.00,1102.18, 168
 3,1163.00,1443.33, 234
 4,1873.00,2043.83,  99
 5,2952.00,3835.85, 937
 6,1392.00,1745.24, 240
 0,1644.00,1828.65, 104
-1
 1,2234.00,2421.31, 173
2,1029.00,1102.09, 167
 3,1163.00,1441.89, 233
 4,1873.00,2043.03,  98
 5,2949.00,3836.66, 935
 6,1391.00,1744.69, 241
 0,1644.00,1828.82, 103
-1
 1,2235.00,2421.84, 172
2,1030.00,1103.27, 164
 3,1162.00,1442.53, 235
 4,1873.00,2043.51,  97
 5,2951.00,3834.23, 936
 6,1392.00,1744.03, 240
 0,1644.00,1829.48, 104
-1
 1,2236.00,2419.83, 172
 2,1622.00,1981.76, 141
3,1030.00,1102.33, 161
 4,1160.00,1441.97, 234
 5,1874.00,2041.90,  99
 6,1393.00,1742.72, 231
 7,2957.00,3835.48, 940
 0,1643.00,1827.82, 103
-1
 1,2235.00,2418.56, 173
2,1033.00,1103.40, 159
 3,1156.00,1441.74, 238
 4,1873.00,2041.79,  99
 5,2954.00,3833.49, 939
 6,1392.00,1744.34, 231
 0,1644.00,1828.46, 103
-1
 1,2235.00,2418.97, 174
2,1034.00,1103.52, 157
 3,1157.00,1442.41, 238
 4,1874.00,2042.23, 100
 5,2952.00,3836.40, 943
 6,1391.00,1744.72, 232
 0,1644.00,1828.65, 103
-1
 1,2236.00,2419.78, 173
 2,1623.00,1982.07, 140
3,1036.00,1105.29, 155
 4,1156.00,1443.00, 237
 5,1873.00,2042.31, 100
 6,1391.00,1745.34, 236
 7,2950.00,3836.45, 940
 0,1644.00,1829.04, 103
-1
 1,2236.00,2420.22, 174
 2,1158.00,1444.87, 236
 3,1873.00,2042.27, 100
 4,1392.00,1745.12, 234
5,1036.00,1104.61, 154
 6,2948.00,3834.13, 936
 0,1644.00,1828.55, 103
-1
 1,2235.00,2419.76, 174
 2,1159.00,1445.51, 235
 3,1873.00,2043.06, 100
 4,1392.00,1745.79, 237
5,1036.00,1103.30, 153
 6,2947.00,3832.76, 936
 0,1642.00,1827.62, 103
-1
 1,1391.00,1745.38, 237
 2,1872.00,2043.30, 101
 3,1159.00,1445.31, 233
4,1036.00,1103.58, 151
 5,2948.00,3835.01, 936
 0,1644.00,1828.93, 104
-1
 1,1386.00,1743.16, 229
 2,1874.00,2043.55,  99
3,1036.00,1101.16, 151
 4,2938.00,3839.23, 946
 5,1164.00,1442.23, 232
 6,1623.00,1979.05, 141
 0,1644.00,1828.50, 104
-1
 1,1624.00,1977.18, 142
 2,1388.00,1743.86, 232
 3,1873.00,2042.77,  99
4,1037.00,1100.77, 151
 5,2939.00,3837.56, 943
 6,1161.00,1442.91, 235
 0,1643.00,1828.13, 104
-1
 1,1622.00,1980.32, 143
2,1036.00,1100.50, 150
 3,1388.00,1742.10, 232
 4,1873.00,2043.24,  99
 5,2944.00,3837.97, 939
 6,1159.00,1441.36, 237
 0,1643.00,1828.60, 104
-1
 1,1620.00,1982.64, 143
2,1037.00,1101.61, 151
 3,1388.00,1742.63, 233
 4,1873.00,2043.93, 100
 5,2942.00,3836.40, 941
 6,1155.00,1440.33, 240
 0,1643.00,1828.65, 104
-1
 1,1619.00,1982.10, 143
 2,1873.00,2044.43, 100
 3,2234.00,2420.08, 173
4,1038.00,1100.82, 152
 5,1389.00,1743.15, 234
 6,2944.00,3836.56, 937
 7,1155.00,1442.72, 242
 0,1643.00,1827.68, 104
-1
 1,2234.00,2418.77, 172
 2,1620.00,1980.58, 142
3,1038.00,1100.77, 150
 4,1390.00,1744.15, 232
 5,1872.00,2042.68,  99
 6,2948.00,3837.34, 939
 7,1155.00,1444.16, 241
 0,1643.00,1827.56, 104
-1
 1,2234.00,2418.52, 172
 2,1622.00,1978.86, 143
3,1038.00,1101.58, 148
 4,1393.00,1744.71, 233
 5,1873.00,2043.54,  98
 6,2946.00,3838.02, 941
 7,1154.00,1444.96, 243
 0,1644.00,1828.50, 105
-1
 1,2234.00,2419.50, 172
 2,1620.00,1978.56, 143
 3,1873.00,2043.22,  97
 4,1393.00,1743.61, 234
 5,1156.00,1444.42, 245
 6,2949.00,3838.88, 938
7,1037.00,1100.24, 148
 0,1643.00,1829.12, 103
-1
 1,2234.00,2418.13, 172
 2,1619.00,1978.86, 143
3,1037.00,1099.89, 147
 4,1872.00,2043.27,  98
 5,1393.00,1743.34, 237
 6,2945.00,3838.94, 941
 7,1152.00,1446.39, 248
 0,1643.00,1828.43, 103
-1
 1,2234.00,2418.25, 172
 2,1620.00,1979.45, 143
3,1038.00,1100.57, 146
 4,1392.00,1744.14, 237
 5,1872.00,2042.92,  98
 6,1154.00,1444.99, 245
 7,2946.00,3837.63, 940
 0,1643.00,1828.14, 104
-1
 1,2235.00,2419.35, 173
 2,1619.00,1979.68, 143
3,1038.00,1100.58, 144
 4,1391.00,1743.10, 238
 5,1872.00,2043.26,  98
 6,2947.00,3838.43, 941
 7,1156.00,1443.88, 244
 0,1644.00,1828.52, 105
-1
 1,1157.00,1443.80, 242
 2,2232.00,2418.29, 172
 3,1622.00,1977.76, 142
 4,1872.00,2043.77,  98
5,1038.00,1100.50, 143
 6,2950.00,3837.03, 935
 7,1394.00,1742.78, 236
 0,1644.00,1827.50, 105
-1
 1,2233.00,2419.01, 172
 2,1624.00,1976.45, 141
 3,1872.00,2043.82,  98
 4,1157.00,1444.71, 243
5,1038.00,1099.58, 143
 6,2945.00,3836.53, 939
 7,1393.00,1742.56, 235
 0,1644.00,1828.28, 104
-1
 1,2233.00,2418.91, 172
 2,1622.00,1976.22, 141
 3,1156.00,1445.19, 243
 4,1873.00,2044.41,  98
5,1038.00,1099.19, 143
 6,2944.00,3836.34, 934
 7,1392.00,1741.51, 236
 0,1643.00,1828.27, 104
-1
 1,2232.00,2420.01, 171
 2,1391.00,1741.85, 239
 3,1155.00,1443.30, 244
 4,1872.00,2044.53,  98
5,1039.00,1099.25, 145
 6,2942.00,3835.13, 936
 0,1643.00,1828.10, 104
-1
 1,1153.00,1443.32, 243
 2,1873.00,2044.83,  98
3,1039.00,1099.03, 145
 4,2941.00,3834.95, 932
 5,1392.00,1742.44, 238
 6,2232.00,2420.06, 171
 0,1643.00,1828.28, 104
-1
 1,1151.00,1444.98, 245
2,1039.00,1100.03, 145
 3,2943.00,3837.02, 930
 4,2232.00,2420.08, 172
 5,1873.00,2044.50,  98
 6,1390.00,1742.52, 240
 0,1643.00,1828.14, 104
-1
 1,1153.00,1442.92, 244
 2,1623.00,1979.89, 142
3,1040.00,1101.51, 147
 4,2232.00,2420.13, 172
 5,1872.00,2043.83,  98
 6,1392.00,1742.63, 239
 7,2945.00,3840.22, 937
 0,1643.00,1827.42, 104
-1
 1,1153.00,1443.87, 242
 2,1623.00,1980.60, 141
 3,2232.00,2420.34, 173
 4,1872.00,2043.80,  99
 5,1394.00,1742.20, 239
 6,2945.00,3840.55, 938
7,1039.00,1101.38, 146
 0,1643.00,1828.46, 104
-1
 1,2233.00,2420.05, 174
 2,1622.00,1980.77, 141
 3,1153.00,1445.72, 243
 4,1872.00,2043.83,  99
 5,1393.00,1742.37, 237
 6,2945.00,3840.76, 938
7,1039.00,1101.91, 147
 0,1643.00,1830.13, 104
-1
 1,2233.00,2420.27, 174
2,1039.00,1102.38, 147
 3,1872.00,2043.71,  99
 4,1153.00,1447.11, 243
 5,1392.00,1741.59, 235
 6,2946.00,3837.43, 933
 0,1643.00,1830.73, 104
-1
 1,1620.00,1981.25, 142
2,1038.00,1102.01, 147
 3,1390.00,1740.09, 234
 4,1872.00,2044.45, 100
 5,1154.00,1447.58, 243
 6,2948.00,3836.41, 934
 0,1643.00,1829.87, 104
-1
 1,1390.00,1740.38, 234
 2,2945.00,3836.76, 937
 3,1152.00,1445.04, 244
 4,1872.00,2043.68,  99
5,1038.00,1101.66, 146
 0,1643.00,1828.69, 104
-1
 1,1393.00,1742.48, 228
 2,1148.00,1449.11, 241
 3,1621.00,1979.45, 144
 4,2235.00,2419.78, 173
5,1038.00,1100.69, 145
 6,1873.00,2042.32,  98
 7,2942.00,3835.65, 941
 0,1642.00,1827.68, 104
-1
 1,1621.00,1978.43, 143
 2,1147.00,1449.49, 243
 3,1397.00,1744.67, 228
4,1038.00,1100.78, 146
 5,1873.00,2042.50,  97
 6,2236.00,2420.03, 173
 7,2940.00,3837.17, 941
 0,1643.00,1829.17, 104
-1
 1,1146.00,1450.25, 242
 2,1619.00,1978.72, 143
 3,2235.00,2419.84, 173
4,1038.00,1100.83, 146
 5,1396.00,1743.39, 227
 6,1873.00,2042.84,  97
 7,2942.00,3837.84, 940
 0,1643.00,1828.48, 105
-1
 1,1149.00,1448.26, 242
 2,1621.00,1980.51, 144
3,1038.00,1100.74, 147
 4,1397.00,1745.33, 229
 5,1873.00,2042.39,  98
 6,2943.00,3839.44, 943
 7,2237.00,2418.40, 174
 0,1643.00,1828.36, 104
-1
 1,1149.00,1447.59, 243
 2,1621.00,1980.35, 145
3,1038.00,1100.82, 147
 4,1394.00,1743.58, 229
 5,2236.00,2418.57, 174
 6,2943.00,3840.98, 942
 7,1873.00,2042.91,  98
 0,1644.00,1829.37, 105
-1
 1,1148.00,1448.96, 239
 2,1621.00,1980.34, 143
 3,2237.00,2419.23, 176
 4,1872.00,2042.59,  98
 5,1393.00,1744.12, 230
 6,2945.00,3840.52, 939
7,1039.00,1101.01, 148
 0,1643.00,1829.46, 103
-1
 1,1617.00,1986.20, 142
 2,1392.00,1744.74, 228
3,1038.00,1100.66, 147
 4,1150.00,1447.53, 237
 5,1873.00,2043.73,  96
 6,2952.00,3836.87, 950
 0,1643.00,1829.52, 104
-1
 1,1618.00,1984.48, 142
 2,1392.00,1744.88, 229
3,1038.00,1100.76, 147
 4,1150.00,1446.59, 240
 5,1873.00,2043.73,  96
 6,2951.00,3838.45, 950
 0,1643.00,1829.38, 104
-1
 1,1617.00,1984.36, 143
2,1039.00,1101.10, 147
 3,1394.00,1744.27, 229
 4,1873.00,2044.60,  97
 5,1153.00,1447.59, 239
 6,2948.00,3841.54, 944
 0,1643.00,1828.91, 104
-1
 1,1618.00,1982.24, 143
 2,1394.00,1744.33, 231
 3,1873.00,2044.38,  96
 4,1155.00,1447.77, 238
5,1039.00,1101.44, 147
 6,2945.00,3840.37, 947
 0,1643.00,1829.15, 104
-1
 1,1618.00,1981.87, 143
 2,1154.00,1447.02, 238
 3,1393.00,1744.93, 232
 4,1872.00,2043.58,  97
5,1039.00,1101.53, 146
 6,2944.00,3840.02, 947
 0,1643.00,1829.12, 105
-1
 1,1618.00,1984.10, 141
 2,1873.00,2043.92,  98
 3,1394.00,1746.68, 234
 4,1152.00,1448.55, 240
5,1039.00,1102.18, 147
 6,2946.00,3839.27, 946
 0,1643.00,1828.96, 105
-1
 1,1620.00,1984.55, 141
 2,1151.00,1447.99, 240
 3,1393.00,1746.70, 234
 4,1873.00,2043.91,  98
5,1039.00,1100.93, 148
 6,2946.00,3839.03, 945
 0,1643.00,1828.81, 105
-1
 1,1621.00,1981.03, 141
 2,2234.00,2419.02, 177
 3,1153.00,1446.83, 238
4,1038.00,1099.80, 148
 5,1394.00,1747.29, 234
 6,1873.00,2043.30,  98
 7,2945.00,3838.94, 944
 0,1643.00,1828.64, 104
-1
 1,1623.00,1976.90, 142
 2,1395.00,1746.75, 236
 3,1873.00,2043.02,  99
 4,1153.00,1445.12, 239
 5,2943.00,3838.11, 944
6,1037.00,1100.03, 148
 0,1644.00,1829.08, 103
-1
 1,1623.00,1974.53, 142
 2,2235.00,2417.81, 176
 3,1874.00,2042.96,  99
 4,1155.00,1444.59, 237
5,1038.00,1100.52, 151
 6,2943.00,3837.27, 944
 7,1396.00,1746.68, 235
 0,1644.00,1829.25, 104
-1
 1,1622.00,1976.40, 143
2,1038.00,1100.22, 154
 3,1874.00,2043.47,  99
 4,1157.00,1444.03, 236
 5,1395.00,1746.12, 236
 6,2944.00,3836.16, 940
 0,1644.00,1828.83, 104
-1
 1,2233.00,2417.79, 177
 2,1622.00,1979.00, 141
 3,1874.00,2043.86,  98
 4,1156.00,1441.14, 237
 5,1395.00,1746.75, 238
 6,2945.00,3839.01, 940
7,1036.00,1101.77, 154
 0,1644.00,1828.70, 105
-1
 1,1621.00,1980.14, 141
 2,1158.00,1441.57, 235
3,1035.00,1101.92, 156
 4,2945.00,3838.45, 936
 5,1395.00,1747.38, 238
 6,1874.00,2043.32,  99
 0,1644.00,1828.94, 104
-1
 1,1620.00,1980.82, 142
 2,1159.00,1443.41, 233
 3,2234.00,2418.08, 176
4,1033.00,1101.08, 157
 5,1875.00,2043.94,  98
 6,2946.00,3837.01, 938
 7,1394.00,1747.30, 239
 0,1643.00,1829.01, 105
-1
 1,1619.00,1981.04, 142
 2,1874.00,2043.59,  98
3,1031.00,1100.44, 159
 4,1161.00,1444.18, 235
 5,2946.00,3838.99, 929
 6,1393.00,1746.12, 239
 0,1643.00,1828.87, 105
-1
 1,1159.00,1443.61, 237
 2,1393.00,1746.45, 237
3,1031.00,1102.36, 164
 4,1620.00,1980.11, 143
 5,1875.00,2044.24,  99
 6,2948.00,3838.85, 930
 0,1642.00,1828.62, 105
-1
 1,2232.00,2418.20, 174
 2,1159.00,1443.77, 238
 3,1621.00,1978.84, 143
4,1032.00,1105.88, 166
 5,1874.00,2043.86,  98
 6,1393.00,1747.20, 237
 7,2947.00,3837.31, 932
 0,1643.00,1828.67, 105
-1
 1,1873.00,2042.63,  99
 2,1156.00,1442.36, 239
 3,2235.00,2418.73, 176
4,1032.00,1105.63, 169
 5,1620.00,1980.39, 140
 6,1393.00,1746.25, 236
 7,2948.00,3837.24, 934
 0,1643.00,1828.94, 106
-1
 1,1873.00,2042.26,  99
 2,1156.00,1441.56, 240
 3,2236.00,2419.14, 175
4,1031.00,1106.27, 169
 5,1620.00,1980.22, 140
 6,1392.00,1746.26, 237
 7,2950.00,3835.35, 934
 0,1643.00,1828.76, 104
-1
 1,1621.00,1979.46, 140
 2,1153.00,1442.09, 240
3,1030.00,1106.25, 170
 4,2234.00,2419.24, 176
 5,1873.00,2042.68,  99
 6,1392.00,1745.98, 237
 7,2947.00,3836.84, 934
 0,1644.00,1829.86, 103
-1
 1,1618.00,1982.50, 141
 2,1873.00,2043.77, 100
 3,1152.00,1441.47, 239
4,1029.00,1106.66, 171
 5,1393.00,1748.89, 240
 6,2947.00,3836.83, 942
 0,1644.00,1828.70, 103
-1
 1,1620.00,1981.38, 141
2,1029.00,1106.33, 171
 3,1874.00,2044.24,  99
 4,1149.00,1441.76, 241
 5,2946.00,3835.32, 941
 6,1392.00,1748.22, 239
 0,1645.00,1829.84, 103
-1
 1,1620.00,1982.38, 141
2,1029.00,1105.69, 172
 3,1874.00,2043.54, 100
 4,1148.00,1441.14, 242
 5,1394.00,1749.02, 241
 6,2945.00,3834.01, 939
 0,1150.00,1443.75, 238
-1
 1,1873.00,2042.50,  98
 2,1389.00,1751.16, 239
 3,1621.00,1981.13, 141
4,1030.00,1104.34, 172
 5,1644.00,1827.38, 103
 0,1644.00,1827.25, 104
-1
 1,1617.00,1978.82, 141
 2,1393.00,1749.69, 227
 3,1154.00,1447.64, 239
4,1030.00,1104.82, 172
 5,2946.00,3835.53, 941
 6,1874.00,2041.79,  98
 0,1643.00,1827.64, 104
-1
 1,1616.00,1979.48, 141
 2,1393.00,1750.52, 228
 3,1874.00,2041.62,  98
4,1030.00,1104.82, 172
 5,2945.00,3836.71, 943
 6,1157.00,1446.33, 236
 0,1875.00,2042.10,  98
-1
 1,2947.00,3835.09, 944
2,1030.00,1105.51, 172
 3,1644.00,1827.52, 104
 4,1156.00,1447.78, 237
 0,1158.00,1447.34, 235
-1
 1,1876.00,2042.65,  98
 2,2945.00,3834.01, 945
3,1030.00,1105.57, 172
 4,1643.00,1827.62, 104
 0,1643.00,1828.25, 104
-1
 1,1615.00,1983.84, 141
2,1029.00,1105.18, 171
 3,1392.00,1749.55, 232
 4,1160.00,1445.21, 233
 5,1875.00,2043.34,  98
 6,2944.00,3835.34, 947
 0,1644.00,1828.63, 104
-1
 1,2940.00,3834.58, 947
2,1030.00,1107.51, 171
 3,1394.00,1746.76, 231
 4,1875.00,2043.09, 100
 0,1643.00,1828.23, 104
-1
 1,2941.00,3835.00, 943
2,1030.00,1108.29, 170
 3,1396.00,1747.37, 230
 4,1875.00,2043.83,  99
 0,1644.00,1828.79, 103
-1
 1,2232.00,2421.58, 175
 2,1616.00,1982.40, 140
3,1029.00,1108.16, 170
 4,1162.00,1445.01, 225
 5,1874.00,2044.22,  99
 6,1397.00,1748.95, 229
 7,2942.00,3836.80, 943
 0,1643.00,1827.55, 103
-1
 1,2944.00,3836.98, 942
2,1029.00,1108.49, 170
 3,1161.00,1445.57, 226
 4,1873.00,2043.84,  98
 5,1399.00,1749.40, 230
 0,1643.00,1827.75, 103
-1
 1,2943.00,3837.09, 940
2,1029.00,1108.94, 170
 3,1160.00,1445.76, 227
 4,1873.00,2043.91,  98
 5,1399.00,1748.67, 231
 0,1644.00,1827.84, 103
-1
 1,2234.00,2422.50, 176
2,1029.00,1109.67, 170
 3,1160.00,1445.21, 228
 4,1398.00,1746.28, 234
 5,2936.00,3838.61, 947
 6,1873.00,2043.55,  98
 0,1644.00,1827.41, 103
-1
 1,1160.00,1445.49, 228
 2,1620.00,1983.56, 140
 3,2233.00,2421.97, 175
 4,1398.00,1746.13, 234
 5,1873.00,2043.34,  98
 6,2935.00,3837.77, 947
7,1030.00,1111.15, 170
 0,1643.00,1826.90, 103
-1
 1,2234.00,2421.85, 176
2,1029.00,1110.73, 170
 3,2934.00,3835.62, 944
 4,1159.00,1446.36, 229
 5,1397.00,1746.61, 236
 6,1873.00,2043.68,  98
 0,1644.00,1828.78, 102
-1
 1,1618.00,1981.50, 141
 2,2233.00,2422.03, 175
3,1029.00,1110.99, 170
 4,1159.00,1445.13, 231
 5,1872.00,2043.10,  98
 6,1393.00,1743.99, 235
 7,2930.00,3839.46, 944
 0,1644.00,1829.33, 103
-1
 1,1619.00,1980.72, 141
2,1029.00,1110.66, 170
 3,1158.00,1446.08, 234
 4,1872.00,2043.77,  98
 5,1392.00,1743.88, 236
 6,2931.00,3837.04, 941
 0,1643.00,1828.31, 103
-1
 1,1619.00,1981.33, 141
 2,1155.00,1445.80, 236
3,1029.00,1110.38, 170
 4,1872.00,2044.06,  98
 5,1392.00,1744.09, 236
 6,2938.00,3837.07, 940
 0,1149.00,1445.26, 238
-1
 1,1394.00,1745.13, 235
2,1029.00,1111.10, 170
 3,1644.00,1828.88, 104
 4,1872.00,2043.32,  99
 0,1392.00,1743.08, 235
-1
 1,1148.00,1442.86, 240
 2,1872.00,2043.73,  99
3,1028.00,1110.37, 170
 4,2943.00,3831.69, 937
 5,1644.00,1828.84, 104
 0,1392.00,1744.08, 237
-1
 1,1154.00,1445.61, 237
 2,1872.00,2043.45,  99
3,1029.00,1110.23, 170
 4,2944.00,3832.80, 934
 5,1643.00,1827.58, 104
 0,1643.00,1829.96, 104
-1
 1,2233.00,2421.66, 176
2,1029.00,1109.43, 171
 3,1872.00,2043.44,  99
 4,1153.00,1445.10, 233
 5,1393.00,1745.18, 234
 0,1643.00,1829.41, 104
-1
 1,2234.00,2423.16, 176
 2,1617.00,1987.64, 141
 3,1872.00,2044.17,  98
 4,1395.00,1745.78, 235
 5,1157.00,1444.48, 230
 6,2945.00,3834.23, 933
7,1029.00,1108.63, 171
 0,1643.00,1829.88, 104
-1
 1,2234.00,2423.50, 175
 2,1618.00,1985.93, 143
 3,1156.00,1445.28, 234
 4,1872.00,2043.99,  99
 5,1396.00,1746.81, 236
 6,2947.00,3834.90, 935
7,1029.00,1107.79, 171
 0,1643.00,1830.32, 104
-1
 1,2234.00,2422.27, 176
2,1029.00,1107.10, 171
 3,2941.00,3836.16, 936
 4,1872.00,2044.50,  99
 5,1395.00,1745.22, 237
 6,1153.00,1443.00, 235
 0,1643.00,1829.98, 103
-1
 1,2234.00,2421.81, 174
2,1029.00,1106.55, 171
 3,2941.00,3836.54, 939
 4,1872.00,2044.19,  99
 5,1154.00,1443.07, 236
 6,1396.00,1744.50, 237
 0,1643.00,1829.51, 103
-1
 1,2942.00,3835.78, 936
2,1029.00,1106.42, 171
 3,1872.00,2044.21,  98
 4,1153.00,1442.48, 234
 5,1396.00,1744.22, 237
 0,1152.00,1442.39, 238
-1
 1,1873.00,2044.42,  98
 2,1395.00,1742.74, 236
3,1030.00,1107.27, 171
 4,2945.00,3836.37, 937
 5,1643.00,1829.47, 103
 0,1396.00,1743.44, 237
-1
 1,1150.00,1442.16, 238
 2,2945.00,3836.25, 933
3,1030.00,1108.40, 171
 4,1643.00,1828.88, 103
 5,1873.00,2044.42,  99
 0,1396.00,1742.82, 235
-1
 1,1150.00,1442.32, 238
 2,2947.00,3836.34, 933
3,1030.00,1108.78, 171
 4,1643.00,1829.56, 103
 5,1872.00,2043.94, 100
 0,1642.00,1829.19, 104
-1
 1,1618.00,1986.96, 142
2,1030.00,1108.96, 171
 3,1397.00,1743.06, 238
 4,1873.00,2044.31,  99
 5,2946.00,3838.82, 935
 6,1150.00,1441.94, 237
 0,1642.00,1829.06, 103
-1
 1,1598.00,1970.95, 202
 2,2950.00,3839.32, 937
3,1030.00,1108.96, 171
 4,1396.00,1742.13, 237
 5,1873.00,2043.97,  99
 6,1152.00,1441.46, 238
 0,1642.00,1829.63, 103
-1
 1,2944.00,3836.78, 935
2,1030.00,1109.20, 171
 3,1873.00,2043.39,  98
 4,1396.00,1741.92, 236
 5,1152.00,1443.69, 239
 0,1643.00,1830.15, 104
-1
 1,1615.00,1986.77, 142
 2,1151.00,1444.54, 240
3,1030.00,1108.32, 172
 4,2234.00,2421.25, 174
 5,1874.00,2043.28,  99
 6,2951.00,3841.55, 935
 7,1395.00,1743.31, 236
 0,1149.00,1445.08, 239
-1
 1,1396.00,1745.25, 232
 2,1874.00,2043.27, 100
 3,1617.00,1984.31, 142
4,1030.00,1107.28, 172
 5,2952.00,3840.15, 937
 6,1642.00,1829.55, 104
 0,1642.00,1830.17, 104
-1
 1,1615.00,1986.32, 140
2,1030.00,1107.48, 172
 3,1873.00,2043.85,  99
 4,1149.00,1444.52, 239
 5,2952.00,3839.25, 936
 6,1397.00,1747.18, 235
 0,1398.00,1742.79, 233
-1
 1,1874.00,2042.89,  99
 2,1155.00,1444.10, 239
3,1031.00,1107.38, 171
 4,2950.00,3834.08, 946
 5,1643.00,1830.04, 105
 0,1397.00,1741.96, 233
-1
 1,1874.00,2043.32,  99
 2,1153.00,1444.33, 242
3,1031.00,1107.03, 171
 4,2952.00,3836.51, 941
 5,1643.00,1830.59, 105
 0,1397.00,1742.05, 234
-1
 1,1873.00,2042.68,  99
 2,1151.00,1441.56, 243
3,1030.00,1105.76, 171
 4,2952.00,3837.96, 937
 5,1643.00,1829.88, 105
 0,1150.00,1440.80, 243
-1
 1,1396.00,1741.85, 234
 2,2954.00,3836.90, 931
3,1030.00,1105.61, 172
 4,1643.00,1829.45, 105
 5,1873.00,2043.02,  99
 0,1395.00,1742.39, 232
-1
 1,1873.00,2043.47,  99
 2,1149.00,1440.16, 244
3,1030.00,1104.87, 172
 4,2953.00,3837.04, 935
 5,1643.00,1830.18, 106
 0,1393.00,1743.16, 231
-1
 1,1873.00,2043.86,  98
 2,1155.00,1441.90, 240
 3,1616.00,1985.66, 137
4,1030.00,1105.04, 172
 5,2951.00,3836.18, 934
 6,1642.00,1829.65, 106
 0,1394.00,1744.75, 231
-1
 1,1873.00,2043.83,  98
 2,1155.00,1442.92, 239
3,1030.00,1104.74, 172
 4,2951.00,3838.11, 938
 5,1642.00,1829.88, 106
 0,1394.00,1745.07, 232
-1
 1,1872.00,2042.83,  98
 2,1153.00,1441.89, 240
 3,1617.00,1987.44, 137
4,1030.00,1104.50, 173
 5,2951.00,3837.98, 931
 6,1643.00,1830.79, 106
 0,1643.00,1830.59, 105
-1
 1,1615.00,1988.20, 137
 2,2235.00,2421.31, 174
 3,1872.00,2042.93,  98
 4,1156.00,1445.13, 237
5,1030.00,1104.65, 173
 6,2946.00,3834.07, 932
 7,1393.00,1743.01, 233
 0,1643.00,1830.75, 105
-1
 1,2235.00,2421.10, 174
2,1030.00,1104.88, 173
 3,2949.00,3834.83, 929
 4,1872.00,2043.21,  97
 5,1155.00,1445.88, 238
 6,1393.00,1742.19, 231
 0,1643.00,1830.36, 105
-1
 1,2234.00,2420.41, 174
2,1030.00,1104.89, 173
 3,2949.00,3837.25, 931
 4,1872.00,2042.81,  98
 5,1158.00,1446.06, 236
 6,1393.00,1743.62, 232
 0,1392.00,1744.92, 232
-1
 1,1158.00,1446.40, 234
 2,1873.00,2043.78, 100
 3,2235.00,2421.44, 174
4,1030.00,1105.56, 173
 5,2947.00,3839.50, 935
 6,1643.00,1830.26, 105
 0,1159.00,1445.18, 232
-1
 1,1392.00,1745.51, 230
 2,1873.00,2043.29,  99
 3,2235.00,2421.46, 174
4,1030.00,1106.48, 173
 5,2948.00,3838.92, 933
 6,1643.00,1829.62, 106
 0,1872.00,2042.87,  99
-1
 1,1157.00,1445.22, 234
 2,1392.00,1745.81, 231
 3,2234.00,2421.19, 174
4,1030.00,1106.91, 173
 5,2949.00,3839.46, 931
 6,1643.00,1830.24, 107
 0,1393.00,1745.33, 233
-1
 1,1156.00,1444.07, 236
 2,1872.00,2042.90,  99
3,1029.00,1106.37, 173
 4,2948.00,3837.62, 930
 5,1644.00,1829.53, 107
 0,1644.00,1829.69, 107
-1
 1,2233.00,2421.27, 174
2,1028.00,1106.17, 173
 3,1872.00,2043.44,  99
 4,1158.00,1443.23, 235
 5,1393.00,1747.09, 235
 6,2948.00,3837.85, 929
 0,1644.00,1829.61, 107
-1
 1,1614.00,1989.07, 139
2,1029.00,1106.26, 173
 3,1873.00,2043.65,  98
 4,1159.00,1444.26, 234
 5,1393.00,1747.03, 234
 6,2948.00,3835.15, 929
 0,1644.00,1830.37, 106
-1
 1,2947.00,3837.22, 931
2,1029.00,1106.52, 173
 3,1873.00,2043.36,  99
 4,1157.00,1443.71, 237
 5,1393.00,1744.33, 234
 0,1644.00,1829.67, 106
-1
 1,1391.00,1742.81, 232
2,1029.00,1105.75, 173
 3,1873.00,2043.08,  99
 4,1157.00,1444.08, 237
 5,2946.00,3836.59, 934
 0,1392.00,1742.46, 234
-1
 1,1156.00,1443.39, 237
 2,1873.00,2043.69,  99
3,1029.00,1105.13, 173
 4,2948.00,3836.67, 932
 5,1643.00,1829.26, 105
 0,1643.00,1829.09, 105
-1
 1,1392.00,1743.33, 232
2,1030.00,1106.88, 173
 3,1154.00,1446.19, 239
 4,1872.00,2043.52, 100
 5,2947.00,3835.31, 927
 0,1643.00,1828.85, 104
-1
 1,2943.00,3834.96, 929
2,1030.00,1106.47, 172
 3,1155.00,1444.67, 237
 4,1872.00,2043.57, 100
 5,1392.00,1742.20, 231
 0,1644.00,1830.22, 104
-1
 1,2233.00,2419.86, 174
2,1031.00,1105.51, 173
 3,1872.00,2043.01,  99
 4,1158.00,1446.50, 236
 5,2945.00,3834.01, 927
 6,1393.00,1743.14, 231
 0,1644.00,1829.19, 106
-1
 1,2235.00,2420.13, 173
 2,1872.00,2042.46, 100
 3,1157.00,1447.41, 241
4,1029.00,1103.38, 172
 5,2944.00,3834.85, 936
 6,1394.00,1743.89, 231
 0,1643.00,1828.25, 105
-1
 1,2234.00,2420.41, 173
 2,1618.00,1986.86, 139
3,1030.00,1106.09, 171
 4,1154.00,1447.74, 246
 5,1872.00,2043.05,  99
 6,1393.00,1744.40, 231
 7,2942.00,3835.37, 938
 0,1643.00,1827.98, 105
-1
 1,2235.00,2420.21, 173
2,1031.00,1106.33, 171
 3,1153.00,1446.09, 247
 4,1873.00,2043.11,  99
 5,2941.00,3836.97, 938
 6,1390.00,1742.96, 230
 0,1873.00,2042.79,  99
-1
 1,2235.00,2420.27, 173
2,1029.00,1104.58, 170
 3,2948.00,3834.63, 937
 4,1643.00,1827.78, 106
 0,1642.00,1828.80, 106
-1
 1,2949.00,3836.14, 940
2,1029.00,1104.11, 171
 3,2236.00,2420.76, 173
 4,1149.00,1446.50, 246
 5,1872.00,2042.78, 100
 0,1643.00,1829.69, 105
-1
 1,1615.00,1987.48, 141
 2,2236.00,2421.31, 174
3,1029.00,1103.52, 172
 4,1149.00,1445.60, 247
 5,1872.00,2042.76,  99
 6,2946.00,3837.95, 941
 0,1873.00,2041.95, 100
-1
 1,2234.00,2420.23, 172
2,1028.00,1104.81, 170
 3,2948.00,3837.79, 951
 4,1644.00,1827.82, 105
 0,1873.00,2041.99, 101
-1
 1,2233.00,2420.07, 173
2,1028.00,1104.36, 170
 3,2947.00,3837.90, 949
 4,1644.00,1828.03, 105
 0,1645.00,1828.42, 105
-1
1,1028.00,1105.30, 170
 2,2236.00,2420.05, 173
 3,1874.00,2042.28, 100
 4,2946.00,3837.06, 948
 0,1645.00,1828.35, 105
-1
1,1029.00,1105.89, 170
 2,2236.00,2420.07, 173
 3,1874.00,2042.77, 101
 4,2948.00,3837.79, 949
 0,1874.00,2042.87, 100
-1
 1,2236.00,2420.14, 174
2,1029.00,1105.68, 170
 3,2947.00,3837.30, 948
 4,1644.00,1828.18, 105
 0,1644.00,1828.04, 105
-1
 1,1145.00,1443.39, 248
2,1029.00,1104.91, 170
 3,2235.00,2418.87, 174
 4,1393.00,1745.44, 225
 5,1874.00,2042.65, 101
 6,2951.00,3838.18, 948
 0,1644.00,1828.33, 106
-1
1,1029.00,1104.75, 170
 2,2235.00,2419.37, 174
 3,1392.00,1746.47, 228
 4,1874.00,2042.93, 101
 5,2955.00,3838.84, 944
 0,1645.00,1828.89, 107
-1
 1,1146.00,1444.28, 248
2,1030.00,1105.49, 170
 3,2234.00,2419.60, 174
 4,1394.00,1747.17, 227
 5,1873.00,2042.03, 100
 6,2952.00,3838.23, 947
 0,1644.00,1828.01, 106
-1
 1,1148.00,1444.76, 247
 2,2952.00,3839.24, 947
3,1030.00,1105.50, 170
 4,2235.00,2420.01, 173
 5,1392.00,1745.95, 231
 6,1874.00,2041.96,  99
 0,1645.00,1827.75, 105
-1
 1,1148.00,1443.04, 247
2,1030.00,1105.84, 170
 3,2235.00,2420.10, 173
 4,1392.00,1745.12, 232
 5,1874.00,2041.73,  99
 6,2950.00,3839.36, 950
 0,1645.00,1828.01, 106
-1
 1,1147.00,1443.42, 248
2,1030.00,1105.61, 170
 3,1391.00,1745.39, 230
 4,2235.00,2420.13, 173
 5,1874.00,2041.97,  99
 6,2951.00,3837.29, 948
 0,1644.00,1827.03, 105
-1
 1,2236.00,2420.29, 174
 2,1151.00,1442.35, 245
 3,1874.00,2041.85,  98
 4,1392.00,1743.25, 230
5,1030.00,1105.00, 170
 6,2951.00,3835.65, 939
 0,1644.00,1826.88, 105
-1
 1,2236.00,2420.35, 174
 2,1620.00,1983.02, 143
3,1030.00,1105.14, 170
 4,1148.00,1443.80, 246
 5,1874.00,2041.16,  99
 6,1392.00,1744.11, 229
 7,2950.00,3835.20, 939
 0,1644.00,1827.15, 104
-1
 1,2236.00,2420.34, 174
 2,1620.00,1983.85, 143
3,1029.00,1104.41, 170
 4,1149.00,1442.41, 243
 5,1875.00,2041.74,  98
 6,1392.00,1743.66, 229
 7,2951.00,3834.29, 937
 0,1644.00,1828.07, 105
-1
 1,2235.00,2420.27, 174
2,1030.00,1104.96, 170
 3,1144.00,1444.42, 245
 4,1391.00,1743.56, 231
 5,1875.00,2042.25,  99
 6,2951.00,3836.51, 939
 0,1644.00,1828.80, 106
-1
 1,1390.00,1741.79, 230
 2,1146.00,1444.15, 244
 3,1874.00,2041.64,  99
4,1030.00,1105.48, 171
 5,2951.00,3837.18, 939
 0,1644.00,1827.69, 105
-1
 1,2235.00,2419.85, 174
 2,2950.00,3835.21, 938
3,1029.00,1104.55, 171
 4,1146.00,1442.49, 244
 5,1390.00,1740.88, 232
 6,1874.00,2041.30,  99
 0,1644.00,1828.36, 107
-1
 1,2235.00,2419.63, 173
2,1030.00,1104.76, 171
 3,1148.00,1444.44, 242
 4,1389.00,1740.84, 231
 5,1873.00,2042.03, 100
 6,2948.00,3833.94, 942
-1
