-1
2,1034.00,1105.57, 176
-1
2,1035.00,1106.88, 177
-1
1,1035.00,1108.04, 177
-1
1,1034.00,1108.63, 176
-1
1,1034.00,1109.03, 176
-1
1,1034.00,1107.31, 177
-1
1,1033.00,1105.54, 177
-1
1,1033.00,1104.37, 177
-1
1,1032.00,1102.20, 176
-1
1,1032.00,1099.72, 176
-1
2,1032.00,1099.34, 175
-1
4,1032.00,1099.66, 175
-1
2,1032.00,1100.74, 175
-1
4,1032.00,1101.24, 175
-1
2,1032.00,1100.63, 174
-1
2,1031.00,1099.43, 173
-1
2,1031.00,1099.10, 173
-1
2,1031.00,1099.22, 173
-1
2,1031.00,1099.37, 173
-1
2,1030.00,1098.55, 173
-1
2,1030.00,1098.40, 173
-1
2,1030.00,1098.34, 173
-1
2,1030.00,1098.31, 173
-1
2,1030.00,1097.70, 173
-1
3,1030.00,1097.69, 174
-1
7,1031.00,1098.22, 174
-1
3,1031.00,1098.66, 174
-1
2,1031.00,1098.69, 175
-1
5,1031.00,1098.91, 175
-1
5,1031.00,1098.71, 175
-1
5,1031.00,1099.22, 175
-1
2,1031.00,1099.14, 175
-1
2,1032.00,1100.48, 175
-1
2,1032.00,1100.93, 176
-1
2,1031.00,1100.60, 175
-1
2,1031.00,1100.89, 174
-1
5,1031.00,1101.72, 173
-1
5,1030.00,1100.45, 173
-1
5,1030.00,1100.86, 173
-1
5,1030.00,1100.90, 173
-1
5,1030.00,1100.32, 173
-1
5,1030.00,1099.71, 173
-1
6,1030.00,1099.55, 174
-1
5,1030.00,1100.66, 173
-1
2,1030.00,1100.59, 173
-1
6,1029.00,1100.18, 173
-1
6,1029.00,1100.13, 173
-1
5,1030.00,1100.75, 173
-1
5,1030.00,1100.43, 173
-1
3,1030.00,1100.20, 172
-1
6,1030.00,1100.58, 173
-1
5,1029.00,1099.99, 172
-1
2,1029.00,1099.62, 172
-1
5,1030.00,1099.83, 172
-1
2,1030.00,1099.21, 172
-1
3,1030.00,1099.00, 172
-1
5,1032.00,1101.28, 172
-1
2,1032.00,1101.49, 172
-1
4,1031.00,1100.41, 171
-1
5,1032.00,1100.25, 171
-1
5,1031.00,1100.04, 171
-1
3,1030.00,1100.87, 171
-1
2,1030.00,1100.83, 172
-1
2,1032.00,1102.36, 171
-1
3,1030.00,1102.75, 171
-1
3,1030.00,1102.54, 171
-1
4,1030.00,1103.96, 172
-1
2,1030.00,1103.30, 172
-1
2,1029.00,1102.83, 173
-1
2,1029.00,1104.01, 173
-1
2,1030.00,1103.88, 172
-1
2,1029.00,1102.34, 172
-1
2,1027.00,1102.69, 172
-1
3,1026.00,1102.09, 173
-1
3,1027.00,1103.76, 172
-1
3,1027.00,1104.60, 172
-1
3,1027.00,1104.55, 172
-1
7,1028.00,1105.87, 171
-1
7,1027.00,1105.28, 172
-1
7,1028.00,1105.20, 172
-1
7,1029.00,1104.44, 172
-1
7,1028.00,1103.88, 172
-1
3,1027.00,1103.59, 172
-1
7,1027.00,1103.31, 172
-1
3,1028.00,1102.03, 171
-1
2,1029.00,1102.80, 172
-1
3,1030.00,1101.76, 173
-1
2,1031.00,1104.21, 173
-1
5,1030.00,1102.79, 174
-1
5,1030.00,1103.21, 174
-1
7,1030.00,1105.58, 174
-1
7,1029.00,1102.88, 172
-1
3,1030.00,1103.06, 171
-1
7,1028.00,1101.53, 172
-1
7,1028.00,1100.80, 172
-1
7,1029.00,1103.94, 171
-1
2,1029.00,1105.52, 172
-1
2,1028.00,1102.64, 173
-1
3,1028.00,1098.39, 173
-1
2,1028.00,1097.45, 174
-1
7,1028.00,1094.64, 171
-1
7,1026.00,1090.21, 171
-1
7,1025.00,1090.05, 171
-1
4,1027.00,1092.54, 174
-1
3,1026.00,1088.12, 167
-1
2,1025.00,1087.53, 168
-1
3,1026.00,1089.43, 169
-1
2,1026.00,1089.69, 170
-1
2,1026.00,1089.60, 174
-1
3,1024.00,1090.42, 172
-1
4,1022.00,1087.85, 171
-1
2,1022.00,1086.53, 170
-1
2,1022.00,1085.51, 170
-1
2,1022.00,1085.16, 177
-1
7,1020.00,1085.45, 180
-1
5,1018.00,1086.02, 177
-1
2,1014.00,1086.09, 176
-1
2,1015.00,1086.19, 176
-1
3,1015.00,1087.54, 176
-1
7,1013.00,1087.80, 172
-1
3,1010.00,1088.57, 172
-1
3,1009.00,1089.67, 175
-1
2,1012.00,1091.27, 174
-1
3,1011.00,1090.73, 175
-1
2,1011.00,1090.09, 175
-1
2,1010.00,1090.34, 175
-1
2,1010.00,1091.67, 174
-1
2,1009.00,1090.26, 175
-1
2,1009.00,1091.23, 177
-1
2,1014.00,1094.21, 176
-1
3,1015.00,1094.45, 176
-1
2,1014.00,1096.29, 175
-1
4,1016.00,1096.94, 176
-1
2,1019.00,1095.34, 174
-1
3,1023.00,1098.38, 177
-1
1,1023.00,1099.82, 176
-1
3,1024.00,1101.10, 175
-1
3,1028.00,1101.03, 174
-1
3,1030.00,1104.40, 176
-1
3,1030.00,1104.94, 177
-1
2,1030.00,1101.74, 177
-1
2,1029.00,1102.06, 175
-1
2,1028.00,1102.08, 175
-1
4,1029.00,1098.83, 176
-1
1,1030.00,1095.24, 171
-1
3,1033.00,1098.09, 176
-1
3,1032.00,1096.55, 175
-1
3,1038.00,1100.00, 175
-1
1,1041.00,1100.72, 184
-1
1,1040.00,1100.72, 184
-1
3,1039.00,1102.00, 179
-1
2,1038.00,1102.68, 179
-1
2,1039.00,1107.47, 178
-1
3,1041.00,1107.66, 178
-1
2,1038.00,1104.71, 177
-1
2,1037.00,1108.41, 177
-1
3,1037.00,1108.17, 177
-1
3,1035.00,1108.17, 178
-1
3,1035.00,1110.09, 176
-1
2,1035.00,1111.03, 181
-1
3,1033.00,1109.20, 181
-1
3,1031.00,1109.40, 181
-1
2,1030.00,1107.75, 177
-1
3,1031.00,1106.55, 178
-1
3,1031.00,1106.04, 177
-1
5,1030.00,1105.93, 175
-1
2,1029.00,1107.78, 176
-1
3,1029.00,1108.42, 178
-1
2,1029.00,1104.08, 178
-1
3,1028.00,1106.24, 178
-1
3,1026.00,1102.71, 179
-1
3,1026.00,1103.78, 177
-1
4,1027.00,1099.26, 179
-1
1,1025.00,1101.06, 180
-1
2,1023.00,1103.04, 178
-1
2,1024.00,1103.12, 178
-1
2,1025.00,1102.51, 177
-1
7,1025.00,1101.29, 175
-1
2,1025.00,1100.23, 174
-1
2,1025.00,1099.74, 174
-1
2,1026.00,1100.26, 174
-1
2,1025.00,1100.28, 174
-1
2,1025.00,1101.13, 176
-1
2,1025.00,1102.08, 175
-1
2,1026.00,1101.43, 175
-1
2,1027.00,1099.14, 175
-1
2,1028.00,1099.54, 175
-1
2,1029.00,1100.09, 173
-1
2,1028.00,1100.91, 173
-1
7,1027.00,1103.70, 170
-1
2,1027.00,1103.58, 169
-1
2,1029.00,1102.18, 168
-1
2,1029.00,1102.09, 167
-1
2,1030.00,1103.27, 164
-1
3,1030.00,1102.33, 161
-1
2,1033.00,1103.40, 159
-1
2,1034.00,1103.52, 157
-1
3,1036.00,1105.29, 155
-1
5,1036.00,1104.61, 154
-1
5,1036.00,1103.30, 153
-1
4,1036.00,1103.58, 151
-1
3,1036.00,1101.16, 151
-1
4,1037.00,1100.77, 151
-1
2,1036.00,1100.50, 150
-1
2,1037.00,1101.61, 151
-1
4,1038.00,1100.82, 152
-1
3,1038.00,1100.77, 150
-1
3,1038.00,1101.58, 148
-1
7,1037.00,1100.24, 148
-1
3,1037.00,1099.89, 147
-1
3,1038.00,1100.57, 146
-1
3,1038.00,1100.58, 144
-1
5,1038.00,1100.50, 143
-1
5,1038.00,1099.58, 143
-1
5,1038.00,1099.19, 143
-1
5,1039.00,1099.25, 145
-1
3,1039.00,1099.03, 145
-1
2,1039.00,1100.03, 145
-1
3,1040.00,1101.51, 147
-1
7,1039.00,1101.38, 146
-1
7,1039.00,1101.91, 147
-1
2,1039.00,1102.38, 147
-1
2,1038.00,1102.01, 147
-1
5,1038.00,1101.66, 146
-1
5,1038.00,1100.69, 145
-1
4,1038.00,1100.78, 146
-1
4,1038.00,1100.83, 146
-1
3,1038.00,1100.74, 147
-1
3,1038.00,1100.82, 147
-1
7,1039.00,1101.01, 148
-1
3,1038.00,1100.66, 147
-1
3,1038.00,1100.76, 147
-1
2,1039.00,1101.10, 147
-1
5,1039.00,1101.44, 147
-1
5,1039.00,1101.53, 146
-1
5,1039.00,1102.18, 147
-1
5,1039.00,1100.93, 148
-1
4,1038.00,1099.80, 148
-1
6,1037.00,1100.03, 148
-1
5,1038.00,1100.52, 151
-1
2,1038.00,1100.22, 154
-1
7,1036.00,1101.77, 154
-1
3,1035.00,1101.92, 156
-1
4,1033.00,1101.08, 157
-1
3,1031.00,1100.44, 159
-1
3,1031.00,1102.36, 164
-1
4,1032.00,1105.88, 166
-1
4,1032.00,1105.63, 169
-1
4,1031.00,1106.27, 169
-1
3,1030.00,1106.25, 170
-1
4,1029.00,1106.66, 171
-1
2,1029.00,1106.33, 171
-1
2,1029.00,1105.69, 172
-1
4,1030.00,1104.34, 172
-1
4,1030.00,1104.82, 172
-1
4,1030.00,1104.82, 172
-1
2,1030.00,1105.51, 172
-1
3,1030.00,1105.57, 172
-1
2,1029.00,1105.18, 171
-1
2,1030.00,1107.51, 171
-1
2,1030.00,1108.29, 170
-1
3,1029.00,1108.16, 170
-1
2,1029.00,1108.49, 170
-1
2,1029.00,1108.94, 170
-1
2,1029.00,1109.67, 170
-1
7,1030.00,1111.15, 170
-1
2,1029.00,1110.73, 170
-1
3,1029.00,1110.99, 170
-1
2,1029.00,1110.66, 170
-1
3,1029.00,1110.38, 170
-1
2,1029.00,1111.10, 170
-1
3,1028.00,1110.37, 170
-1
3,1029.00,1110.23, 170
-1
2,1029.00,1109.43, 171
-1
7,1029.00,1108.63, 171
-1
7,1029.00,1107.79, 171
-1
2,1029.00,1107.10, 171
-1
2,1029.00,1106.55, 171
-1
2,1029.00,1106.42, 171
-1
3,1030.00,1107.27, 171
-1
3,1030.00,1108.40, 171
-1
3,1030.00,1108.78, 171
-1
2,1030.00,1108.96, 171
-1
3,1030.00,1108.96, 171
-1
2,1030.00,1109.20, 171
-1
3,1030.00,1108.32, 172
-1
4,1030.00,1107.28, 172
-1
2,1030.00,1107.48, 172
-1
3,1031.00,1107.38, 171
-1
3,1031.00,1107.03, 171
-1
3,1030.00,1105.76, 171
-1
3,1030.00,1105.61, 172
-1
3,1030.00,1104.87, 172
-1
4,1030.00,1105.04, 172
-1
3,1030.00,1104.74, 172
-1
4,1030.00,1104.50, 173
-1
5,1030.00,1104.65, 173
-1
2,1030.00,1104.88, 173
-1
2,1030.00,1104.89, 173
-1
4,1030.00,1105.56, 173
-1
4,1030.00,1106.48, 173
-1
4,1030.00,1106.91, 173
-1
3,1029.00,1106.37, 173
-1
2,1028.00,1106.17, 173
-1
2,1029.00,1106.26, 173
-1
2,1029.00,1106.52, 173
-1
2,1029.00,1105.75, 173
-1
3,1029.00,1105.13, 173
-1
2,1030.00,1106.88, 173
-1
2,1030.00,1106.47, 172
-1
2,1031.00,1105.51, 173
-1
4,1029.00,1103.38, 172
-1
3,1030.00,1106.09, 171
-1
2,1031.00,1106.33, 171
-1
2,1029.00,1104.58, 170
-1
2,1029.00,1104.11, 171
-1
3,1029.00,1103.52, 172
-1
2,1028.00,1104.81, 170
-1
2,1028.00,1104.36, 170
-1
1,1028.00,1105.30, 170
-1
1,1029.00,1105.89, 170
-1
2,1029.00,1105.68, 170
-1
2,1029.00,1104.91, 170
-1
1,1029.00,1104.75, 170
-1
2,1030.00,1105.49, 170
-1
3,1030.00,1105.50, 170
-1
2,1030.00,1105.84, 170
-1
2,1030.00,1105.61, 170
-1
5,1030.00,1105.00, 170
-1
3,1030.00,1105.14, 170
-1
3,1029.00,1104.41, 170
-1
2,1030.00,1104.96, 170
-1
4,1030.00,1105.48, 171
-1
3,1029.00,1104.55, 171
-1
2,1030.00,1104.76, 171
-1
