-1
0,1289,1389,1145,1303
-1
0,1290,1386,1142,1277
-1
0,1291,1387,1142,1276
-1
0,1294,1386,1140,1278
-1
0,1296,1385,1140,1279
-1
0,1297,1386,1139,1278
-1
0,1301,1389,1138,1279
-1
0,1302,1389,1137,1276
-1
0,1302,1388,1137,1276
-1
0,1301,1391,1137,1275
-1
0,1302,1391,1136,1277
-1
0,1301,1391,1137,1276
-1
0,1302,1391,1137,1277
-1
0,1302,1392,1137,1276
-1
0,1302,1393,1137,1276
-1
0,1302,1392,1137,1277
-1
0,1302,1392,1137,1276
-1
0,1302,1394,1137,1276
-1
0,1302,1394,1137,1276
-1
0,1301,1394,1137,1277
-1
0,1300,1395,1137,1279
-1
0,1301,1395,1136,1281
-1
0,1302,1394,1136,1282
-1
0,1304,1395,1135,1280
-1
0,1303,1406,1143,1310
-1
0,1304,1407,1144,1311
-1
0,1304,1406,1143,1310
-1
0,1304,1406,1143,1311
-1
0,1304,1406,1144,1310
-1
0,2069,2132,1050,1211
-1
0,2068,2133,1050,1209
-1
0,1303,1404,1145,1309
-1
0,1302,1403,1147,1310
1,2070,2136,1050,1209
-1
0,1303,1403,1148,1309
-1
0,1303,1402,1147,1308
-1
0,1303,1403,1147,1308
-1
0,1304,1404,1147,1308
-1
0,1303,1404,1146,1308
-1
0,1304,1405,1146,1308
1,2077,2142,1049,1224
-1
0,2077,2142,1048,1223
1,1303,1405,1146,1309
-1
0,2077,2142,1049,1223
1,1304,1406,1145,1308
-1
0,2076,2142,1049,1220
1,1305,1406,1145,1308
-1
0,2075,2143,1048,1221
1,1304,1406,1145,1307
-1
0,1305,1407,1145,1308
-1
0,2075,2141,1048,1224
-1
0,1305,1408,1145,1308
1,2074,2140,1061,1242
-1
0,1305,1408,1144,1309
-1
0,2074,2140,1062,1243
-1
0,1305,1408,1144,1309
1,2074,2140,1062,1244
-1
0,1305,1408,1144,1309
-1
0,2074,2140,1059,1244
-1
0,2075,2144,1058,1245
-1
0,1305,1408,1144,1309
-1
0,2077,2145,1056,1245
1,1304,1408,1144,1309
-1
0,1305,1410,1145,1309
1,2076,2147,1056,1247
-1
0,1305,1410,1144,1308
1,2076,2146,1057,1248
-1
0,1304,1409,1145,1309
1,2075,2145,1058,1250
-1
0,2079,2146,1062,1245
-1
0,1305,1409,1146,1307
-1
0,1305,1409,1145,1308
1,2080,2150,1062,1245
-1
0,1305,1409,1146,1308
1,2080,2152,1061,1246
-1
0,1305,1408,1147,1309
1,2083,2153,1066,1245
-1
0,1305,1407,1146,1309
1,2083,2154,1068,1246
-1
0,1306,1407,1146,1307
-1
0,2083,2154,1068,1247
-1
0,1306,1406,1146,1307
1,2084,2154,1068,1249
-1
0,1306,1406,1147,1308
-1
0,2085,2156,1068,1251
-1
0,1306,1406,1147,1308
-1
0,2085,2156,1070,1251
-1
0,1306,1405,1146,1308
-1
0,2087,2158,1072,1251
-1
0,1306,1405,1146,1308
1,2088,2160,1073,1253
-1
0,1306,1406,1146,1309
1,2086,2159,1068,1255
-1
0,2086,2156,1067,1255
-1
0,1306,1406,1146,1308
1,2111,2187,1076,1257
-1
0,1305,1406,1146,1308
1,2112,2187,1076,1260
2,2088,2157,1067,1257
-1
0,2088,2160,1064,1263
-1
0,1306,1405,1146,1307
-1
0,2089,2158,1063,1265
-1
0,1306,1405,1146,1307
-1
0,2090,2156,1063,1260
-1
0,1306,1406,1146,1307
1,2114,2185,1075,1261
-1
0,2087,2161,1066,1267
-1
0,1307,1405,1146,1307
-1
0,2087,2161,1064,1270
-1
0,1306,1404,1145,1306
-1
0,1306,1404,1145,1306
-1
0,2084,2159,1059,1275
1,2114,2185,1070,1271
-1
0,2108,2190,1086,1288
1,1306,1404,1146,1307
-1
0,2086,2161,1064,1274
-1
0,2108,2190,1084,1290
1,1306,1403,1146,1307
-1
0,2082,2160,1059,1276
-1
0,2109,2189,1084,1291
-1
0,1306,1406,1146,1307
1,2083,2157,1056,1276
-1
0,2109,2188,1085,1292
-1
0,2082,2156,1055,1278
1,1306,1406,1146,1307
-1
0,2111,2187,1085,1292
1,1306,1407,1146,1307
2,2085,2156,1053,1281
-1
0,2111,2186,1084,1293
1,1306,1407,1147,1307
-1
0,2085,2154,1051,1281
-1
0,2111,2187,1085,1294
1,1305,1405,1147,1306
-1
0,2086,2156,1052,1282
-1
0,1305,1405,1147,1307
-1
0,2101,2170,1081,1294
-1
0,1305,1404,1146,1306
1,2086,2157,1058,1278
-1
0,2108,2188,1083,1297
-1
0,1305,1404,1147,1306
1,2087,2156,1061,1276
-1
0,2109,2187,1082,1296
-1
0,1304,1404,1148,1306
1,2086,2154,1061,1275
2,2109,2186,1081,1297
-1
0,2109,2186,1082,1294
-1
0,2085,2153,1060,1276
-1
0,1301,1404,1149,1306
1,2082,2148,1061,1277
2,2109,2187,1085,1295
-1
0,1299,1404,1148,1305
1,2081,2144,1063,1275
2,2111,2189,1086,1297
-1
0,2109,2192,1088,1300
-1
0,1300,1406,1149,1306
1,2077,2141,1063,1271
-1
0,2074,2137,1063,1268
1,1299,1404,1149,1303
2,2108,2192,1091,1303
-1
0,2074,2137,1062,1268
1,1299,1406,1149,1304
2,2107,2193,1095,1303
-1
0,2106,2192,1097,1306
-1
0,2071,2133,1057,1268
1,1299,1406,1151,1303
2,2050,2113,1053,1218
-1
0,2108,2192,1097,1305
-1
0,2072,2133,1058,1269
1,1299,1405,1151,1302
2,2051,2113,1052,1216
-1
0,2108,2192,1099,1307
-1
0,2047,2111,1053,1215
1,2065,2127,1061,1264
2,1299,1404,1151,1302
-1
0,1299,1403,1150,1303
1,2048,2111,1054,1215
2,2110,2194,1100,1307
-1
0,2110,2200,1102,1306
-1
0,1300,1403,1150,1303
1,2048,2109,1053,1218
-1
0,2114,2198,1104,1304
-1
0,1300,1402,1149,1303
1,2048,2107,1051,1220
-1
0,2118,2199,1109,1303
-1
0,1300,1402,1149,1303
1,2046,2106,1051,1223
-1
0,2120,2201,1103,1305
-1
0,1300,1403,1149,1304
1,2047,2111,1062,1251
-1
0,2119,2200,1100,1307
-1
0,1300,1403,1148,1303
1,2045,2112,1062,1251
-1
0,1300,1403,1149,1304
1,2045,2113,1061,1247
2,2119,2204,1104,1311
-1
0,1300,1402,1149,1304
1,2044,2112,1061,1254
2,2118,2210,1104,1318
-1
0,1300,1403,1149,1304
1,2042,2109,1060,1250
2,2122,2209,1105,1317
-1
0,1301,1403,1149,1304
1,2041,2108,1061,1252
2,2123,2210,1106,1319
-1
0,1301,1402,1149,1302
1,2042,2108,1061,1253
2,2121,2211,1104,1323
-1
0,1301,1402,1149,1303
1,2042,2110,1061,1253
2,2124,2213,1108,1338
-1
0,1301,1402,1149,1303
1,1319,1384,1153,1236
2,2042,2111,1061,1256
3,2128,2211,1112,1340
-1
0,2129,2211,1117,1339
-1
0,2042,2111,1064,1254
1,1301,1401,1149,1302
2,1319,1384,1153,1236
-1
0,2133,2213,1120,1344
-1
0,1301,1402,1149,1303
1,1319,1384,1153,1236
2,2043,2111,1064,1254
-1
0,2135,2216,1122,1344
-1
0,1301,1402,1148,1304
1,1319,1384,1153,1236
2,2043,2111,1065,1257
-1
0,2134,2214,1122,1345
-1
0,1301,1401,1148,1303
1,1319,1384,1153,1236
2,2043,2111,1065,1258
-1
0,1320,1384,1154,1236
1,1301,1401,1149,1303
2,2042,2110,1064,1259
3,2136,2213,1123,1345
-1
0,2140,2214,1124,1345
-1
0,1302,1402,1149,1304
1,1320,1384,1154,1237
2,2042,2109,1063,1259
-1
0,2137,2218,1124,1350
-1
0,1302,1402,1148,1304
1,2043,2108,1065,1255
-1
0,2134,2221,1125,1353
-1
0,1302,1402,1148,1304
1,1320,1384,1154,1237
2,2044,2109,1066,1253
-1
0,2134,2226,1125,1352
-1
0,1302,1401,1149,1304
1,1320,1384,1154,1237
2,2045,2110,1067,1253
-1
0,2043,2111,1065,1255
-1
0,1320,1384,1154,1237
1,1301,1401,1149,1305
2,2136,2229,1127,1349
-1
0,2045,2113,1065,1256
-1
0,1302,1402,1150,1303
1,2136,2230,1128,1351
-1
0,1301,1402,1149,1303
1,2137,2231,1127,1353
-1
0,2045,2114,1066,1259
-1
0,2042,2112,1066,1258
-1
0,1301,1402,1149,1302
1,2137,2237,1127,1355
-1
0,1301,1401,1149,1303
1,2137,2243,1130,1357
-1
0,2043,2112,1066,1258
-1
0,2140,2243,1132,1358
-1
0,2042,2113,1067,1255
1,1301,1400,1149,1302
-1
0,2043,2114,1068,1254
1,1301,1400,1148,1302
2,2139,2242,1133,1360
-1
0,2044,2115,1068,1253
1,1301,1400,1149,1303
2,2139,2244,1136,1360
-1
0,2042,2112,1068,1251
1,1301,1400,1149,1303
2,2140,2247,1137,1359
-1
0,2044,2111,1067,1253
1,1301,1400,1149,1303
2,2144,2248,1138,1360
-1
0,1301,1401,1148,1303
1,2047,2115,1065,1254
2,2011,2094,1069,1262
3,2151,2250,1151,1369
-1
0,1301,1402,1148,1303
1,2047,2115,1068,1248
2,2153,2250,1150,1370
-1
0,1301,1402,1149,1304
1,2153,2253,1154,1368
-1
0,1301,1404,1148,1304
1,2154,2254,1157,1365
-1
0,1300,1402,1148,1304
1,2156,2256,1158,1365
-1
0,1300,1403,1148,1305
1,2165,2280,1156,1383
-1
0,1300,1403,1148,1304
1,2165,2281,1157,1385
-1
0,1301,1403,1148,1303
1,2167,2281,1154,1388
-1
0,2167,2284,1157,1392
-1
0,1301,1402,1149,1303
-1
0,1300,1401,1149,1303
1,2047,2120,1074,1235
2,2163,2289,1158,1400
-1
0,2048,2122,1073,1236
1,1998,2076,1076,1263
2,1300,1401,1149,1303
3,2164,2289,1160,1399
-1
0,2056,2128,1075,1233
1,1988,2065,1079,1260
2,1300,1401,1149,1303
3,2163,2290,1158,1402
-1
0,1300,1401,1149,1303
1,2056,2126,1075,1233
2,1991,2067,1079,1254
3,2164,2290,1161,1404
-1
0,1300,1400,1148,1302
1,2058,2127,1077,1232
2,2162,2290,1163,1405
-1
0,2063,2125,1079,1233
1,1300,1399,1148,1303
2,2163,2291,1165,1404
-1
0,1300,1400,1148,1303
1,2163,2292,1166,1406
-1
0,1299,1399,1148,1304
1,2166,2282,1182,1420
-1
0,1299,1399,1148,1304
1,2163,2281,1184,1425
-1
0,1299,1400,1148,1303
1,2167,2277,1186,1424
-1
0,1298,1399,1148,1303
1,2165,2279,1186,1425
-1
0,2161,2283,1188,1426
-1
0,1300,1400,1147,1305
-1
0,2159,2283,1188,1426
-1
0,1300,1400,1146,1305
-1
0,1299,1399,1146,1305
1,2157,2285,1189,1426
-1
0,1300,1401,1146,1306
1,2150,2268,1180,1440
-1
0,1300,1400,1146,1305
1,2152,2289,1187,1435
-1
0,2065,2128,1081,1241
1,1299,1400,1147,1305
2,2144,2275,1184,1431
-1
0,2066,2129,1080,1247
1,1299,1401,1147,1305
2,2153,2287,1172,1468
-1
0,2065,2132,1079,1251
1,1299,1402,1148,1305
2,2131,2283,1180,1492
-1
0,2066,2130,1080,1254
1,1299,1402,1148,1305
2,2132,2282,1180,1498
-1
0,2068,2131,1083,1256
1,1298,1401,1147,1306
2,2135,2280,1181,1502
-1
0,2067,2129,1083,1252
1,1298,1402,1147,1306
2,2133,2281,1186,1505
-1
0,2068,2129,1084,1252
1,1297,1402,1148,1306
2,2132,2281,1189,1506
-1
0,1298,1402,1150,1305
1,2070,2132,1083,1252
2,2130,2281,1193,1507
-1
0,2068,2130,1083,1251
1,1300,1401,1149,1306
2,2129,2279,1195,1510
-1
0,1300,1401,1150,1305
1,2068,2129,1083,1250
2,2130,2275,1193,1507
-1
0,1301,1401,1149,1306
1,2068,2128,1085,1249
2,2132,2276,1199,1511
-1
0,2067,2128,1086,1249
1,1302,1401,1147,1306
2,2127,2274,1202,1511
-1
0,2124,2276,1211,1510
-1
0,1301,1401,1147,1306
-1
0,2117,2272,1213,1509
-1
0,1301,1402,1147,1306
-1
0,2110,2268,1221,1510
-1
0,1301,1403,1147,1307
1,2066,2130,1084,1249
-1
0,2101,2262,1219,1508
-1
0,1302,1404,1146,1307
1,2066,2131,1084,1252
-1
0,2066,2133,1086,1254
1,1302,1404,1147,1306
2,2089,2258,1226,1508
-1
0,1302,1404,1147,1306
1,2067,2136,1085,1254
2,2078,2261,1223,1506
-1
0,1301,1402,1148,1308
1,2067,2256,1228,1508
-1
0,1302,1402,1147,1307
-1
0,2066,2137,1087,1250
1,2060,2250,1232,1511
-1
0,2067,2135,1088,1249
1,1303,1402,1147,1308
2,2048,2243,1245,1513
-1
0,2038,2248,1243,1519
-1
0,1303,1402,1147,1309
-1
0,2030,2238,1235,1525
-1
0,1303,1403,1148,1308
-1
0,1303,1403,1148,1307
1,2034,2240,1241,1526
-1
0,2035,2231,1245,1528
-1
0,1303,1404,1148,1307
-1
0,1303,1404,1148,1307
1,2027,2225,1230,1534
-1
0,2029,2224,1215,1535
-1
0,1303,1404,1149,1308
-1
0,2074,2145,1091,1248
1,1303,1404,1149,1306
2,2032,2224,1221,1538
-1
0,2035,2209,1235,1543
-1
0,2073,2145,1091,1250
1,1303,1404,1150,1307
-1
0,2028,2188,1234,1546
-1
0,2072,2143,1091,1249
1,1303,1405,1150,1306
-1
0,1303,1406,1151,1306
1,2019,2175,1236,1543
-1
0,1302,1405,1151,1306
1,2014,2151,1222,1559
-1
0,1302,1404,1151,1306
1,2013,2142,1214,1564
-1
0,1303,1406,1150,1306
1,1981,2132,1224,1559
-1
0,1303,1405,1151,1307
1,1987,2122,1254,1571
-1
0,1972,2116,1259,1571
-1
0,1303,1404,1150,1306
-1
0,2073,2134,1102,1287
1,1303,1404,1151,1306
2,1943,2110,1264,1573
-1
0,1928,2105,1271,1586
-1
0,1303,1403,1151,1304
1,2072,2136,1101,1298
-1
0,1304,1405,1152,1306
1,2069,2138,1103,1300
2,1908,2092,1274,1589
-1
0,1304,1403,1151,1305
1,2069,2137,1105,1302
2,1896,2082,1281,1585
-1
0,1303,1401,1150,1305
1,1888,2068,1285,1584
-1
0,2062,2138,1110,1306
-1
0,2060,2138,1112,1305
1,1303,1401,1150,1306
2,1880,2058,1283,1583
-1
0,1862,2062,1293,1582
1,2057,2136,1114,1304
2,1303,1402,1150,1305
-1
0,1303,1402,1149,1306
1,1859,2047,1291,1585
-1
0,2058,2136,1115,1303
-1
0,1303,1403,1149,1306
-1
0,2060,2133,1118,1298
1,1854,2035,1294,1591
-1
0,1303,1402,1149,1307
1,2059,2131,1119,1298
2,1857,2018,1293,1598
-1
0,1857,2016,1294,1598
-1
0,2054,2135,1116,1301
1,1302,1400,1149,1307
-1
0,1857,2016,1292,1596
-1
0,2052,2135,1112,1310
1,1302,1400,1149,1307
-1
0,2053,2135,1110,1314
1,1302,1400,1148,1307
2,1860,2011,1291,1591
-1
0,2053,2128,1123,1325
1,1302,1399,1148,1308
2,1833,1983,1296,1592
-1
0,1302,1398,1147,1308
1,2055,2127,1125,1323
2,1832,1974,1299,1598
-1
0,1302,1398,1146,1307
1,1704,1810,1100,1285
2,2054,2130,1125,1327
3,1818,1972,1303,1592
-1
0,2052,2129,1124,1331
1,1706,1811,1098,1285
2,1302,1398,1147,1309
3,1808,1964,1306,1584
-1
0,2052,2130,1124,1336
1,1303,1399,1148,1307
2,1709,1809,1095,1286
3,1796,1957,1311,1587
-1
0,2052,2130,1124,1339
-1
0,1303,1400,1148,1306
1,1778,1955,1315,1586
-1
0,2051,2132,1127,1342
-1
0,1303,1398,1149,1306
1,1746,1959,1306,1592
-1
0,1303,1397,1150,1307
1,1735,1950,1309,1596
-1
0,2051,2132,1128,1344
-1
0,1708,1937,1310,1592
-1
0,2049,2131,1129,1346
1,1303,1396,1150,1306
2,1321,1383,1153,1239
-1
0,1303,1396,1149,1306
1,1321,1384,1153,1240
2,2048,2130,1132,1349
3,1712,1917,1316,1600
-1
0,1303,1397,1150,1307
1,1321,1384,1153,1239
2,2051,2132,1134,1350
3,1703,1907,1308,1609
-1
0,1303,1397,1150,1306
1,1321,1384,1154,1240
2,2050,2130,1134,1348
3,1705,1897,1308,1608
-1
0,1303,1397,1150,1306
1,1321,1383,1153,1239
2,2050,2130,1137,1346
3,1707,1896,1301,1609
-1
0,1303,1396,1149,1306
1,2050,2131,1136,1348
2,1696,1884,1287,1611
-1
0,1303,1397,1150,1306
1,1321,1384,1154,1239
2,2051,2130,1135,1349
3,1660,1858,1277,1608
-1
0,1304,1398,1150,1307
1,1323,1385,1155,1238
2,2051,2131,1135,1348
3,1655,1841,1291,1606
-1
0,1304,1398,1150,1306
1,1323,1386,1155,1238
2,2053,2131,1134,1348
3,1652,1834,1291,1603
-1
0,1304,1399,1150,1306
1,2051,2134,1136,1352
2,1635,1828,1289,1591
-1
0,1619,1816,1290,1590
-1
0,1304,1400,1150,1305
1,1320,1386,1154,1238
2,2050,2136,1138,1355
-1
0,1320,1386,1154,1237
1,2049,2138,1138,1357
2,1304,1401,1151,1306
3,1601,1812,1281,1582
-1
0,1593,1820,1279,1578
-1
0,2048,2138,1139,1355
1,1303,1401,1151,1304
2,1320,1386,1154,1239
-1
0,1572,1793,1285,1580
-1
0,2045,2139,1151,1367
1,1303,1403,1152,1304
-1
0,2046,2137,1149,1377
1,1303,1403,1152,1304
2,1557,1793,1285,1581
-1
0,1535,1779,1291,1579
-1
0,2045,2136,1149,1381
1,1303,1405,1151,1305
-1
0,1534,1753,1289,1579
-1
0,1303,1405,1151,1304
1,2045,2137,1151,1387
-1
0,2044,2135,1153,1393
-1
0,1303,1403,1152,1305
1,1528,1755,1291,1580
-1
0,1304,1404,1151,1305
1,2046,2138,1155,1391
2,1499,1723,1283,1583
-1
0,2045,2137,1156,1394
1,1304,1404,1152,1305
2,1499,1719,1276,1578
-1
0,1497,1715,1268,1571
-1
0,2046,2140,1157,1395
1,1304,1405,1151,1306
2,1631,1728,1111,1277
-1
0,1491,1713,1256,1576
-1
0,2047,2140,1157,1394
1,1303,1403,1151,1305
2,1630,1729,1112,1278
-1
0,1492,1702,1258,1576
1,2046,2142,1161,1391
2,1303,1402,1151,1304
3,1633,1730,1111,1276
-1
0,1492,1688,1258,1571
1,2046,2143,1163,1389
2,1303,1403,1151,1303
3,1634,1730,1113,1272
-1
0,1485,1679,1259,1567
1,2047,2144,1163,1388
2,1303,1403,1151,1303
3,1633,1729,1114,1273
-1
0,1487,1666,1259,1565
1,2047,2144,1166,1388
2,1303,1401,1150,1304
3,1633,1729,1120,1272
-1
0,2046,2145,1165,1391
1,1303,1404,1150,1304
2,1632,1728,1121,1274
3,1485,1653,1258,1562
-1
0,1475,1635,1241,1551
1,2046,2147,1167,1394
2,1303,1404,1151,1304
3,1632,1729,1126,1271
-1
0,1472,1629,1237,1555
1,2046,2146,1167,1398
2,1303,1405,1152,1304
3,1656,1763,1124,1276
-1
0,1467,1619,1240,1552
1,2046,2148,1166,1402
2,1302,1401,1151,1304
3,1630,1735,1130,1270
4,1320,1389,1155,1239
-1
0,1458,1610,1242,1547
1,2049,2153,1189,1409
2,1302,1402,1151,1303
3,1663,1759,1132,1273
4,1320,1389,1155,1239
-1
0,1453,1609,1243,1548
1,2048,2156,1186,1413
2,1301,1402,1152,1304
3,1662,1764,1142,1271
4,1320,1389,1155,1240
-1
0,1449,1612,1259,1563
1,2048,2163,1185,1417
2,1662,1766,1145,1273
3,1301,1405,1153,1302
4,1320,1388,1155,1240
-1
0,2046,2162,1182,1418
1,1664,1762,1141,1275
2,1300,1405,1154,1300
3,1320,1388,1155,1239
4,1440,1602,1264,1559
-1
0,1661,1760,1141,1274
1,2049,2165,1182,1417
2,1321,1389,1154,1238
3,1301,1410,1154,1301
4,1432,1594,1266,1559
-1
0,2050,2163,1183,1418
1,1300,1408,1154,1301
2,1663,1768,1144,1270
3,1321,1390,1154,1238
4,1432,1588,1262,1560
-1
0,1664,1769,1143,1272
1,2053,2166,1186,1421
2,1321,1391,1154,1238
3,1302,1413,1155,1299
4,1431,1580,1265,1558
-1
0,1426,1572,1244,1537
1,1664,1771,1143,1272
2,1320,1390,1154,1237
3,1302,1415,1154,1300
-1
0,2054,2166,1187,1420
-1
0,1302,1415,1153,1300
1,1664,1774,1138,1269
2,1422,1566,1241,1542
3,1320,1390,1154,1237
4,2055,2167,1189,1423
-1
0,1303,1412,1153,1301
1,1408,1532,1239,1543
2,1664,1775,1132,1270
3,1320,1388,1154,1237
4,2056,2169,1194,1421
-1
0,1305,1415,1155,1302
1,1398,1530,1231,1544
2,1665,1778,1132,1271
3,1320,1389,1154,1239
4,2056,2166,1199,1419
-1
0,1669,1785,1129,1271
1,2054,2163,1202,1416
2,1319,1388,1154,1237
3,1305,1410,1156,1301
4,1395,1530,1227,1545
-1
0,1306,1407,1157,1300
1,2053,2164,1202,1416
2,1318,1386,1153,1238
3,1666,1786,1131,1271
4,1388,1514,1218,1549
-1
0,1666,1789,1133,1271
1,1318,1387,1153,1237
2,2053,2163,1201,1418
3,1306,1407,1158,1301
4,1384,1515,1233,1531
-1
0,1318,1386,1152,1238
1,1346,1525,1232,1495
2,1305,1407,1156,1301
-1
0,2055,2164,1203,1420
-1
0,1304,1410,1157,1300
1,1317,1387,1150,1240
2,2056,2163,1205,1422
3,1677,1795,1135,1274
-1
0,1342,1523,1239,1488
-1
0,1302,1404,1156,1300
1,1338,1525,1248,1486
2,1677,1797,1136,1272
3,2058,2163,1202,1427
-1
0,1677,1797,1136,1271
1,1316,1386,1150,1240
2,1324,1520,1242,1483
3,1300,1407,1158,1299
-1
0,2061,2166,1202,1432
-1
0,2067,2165,1199,1429
1,1316,1385,1151,1239
2,1300,1409,1158,1297
3,1677,1797,1136,1271
-1
0,1311,1516,1236,1487
-1
0,1300,1409,1159,1297
1,1314,1515,1240,1486
2,1317,1385,1151,1241
3,1677,1798,1136,1272
-1
0,2068,2169,1200,1432
-1
0,1680,1799,1135,1273
1,1297,1412,1158,1301
2,1309,1509,1239,1486
3,1315,1386,1151,1242
-1
0,2068,2166,1198,1434
-1
0,1680,1800,1136,1271
1,1302,1400,1147,1273
2,2064,2162,1194,1443
-1
0,1305,1495,1232,1486
-1
0,1679,1802,1136,1271
1,1302,1408,1156,1304
2,2071,2161,1202,1436
-1
0,1300,1484,1233,1484
-1
0,1680,1801,1136,1270
1,1301,1401,1154,1306
2,1316,1461,1235,1469
-1
0,2070,2159,1195,1445
-1
0,1679,1800,1136,1268
1,2072,2156,1193,1443
2,1303,1395,1146,1272
-1
0,1299,1473,1219,1490
-1
0,1682,1801,1136,1267
1,1306,1394,1145,1273
2,2063,2153,1188,1447
-1
0,1296,1457,1211,1494
-1
0,1296,1450,1197,1494
1,1308,1392,1144,1275
2,1681,1800,1137,1267
-1
0,2058,2151,1183,1453
-1
0,2058,2151,1181,1452
1,1306,1392,1144,1268
2,1682,1799,1137,1268
-1
0,1295,1447,1194,1487
-1
0,2054,2147,1188,1444
1,1682,1799,1136,1267
-1
0,1293,1430,1157,1470
-1
0,2054,2146,1197,1432
1,1684,1800,1136,1267
-1
0,1290,1424,1157,1467
-1
0,1290,1425,1160,1463
1,2052,2146,1197,1435
2,1686,1799,1138,1269
-1
0,2049,2144,1194,1438
1,1292,1406,1183,1451
-1
0,2043,2143,1224,1456
1,1285,1403,1179,1450
-1
0,1281,1399,1182,1446
1,1683,1799,1136,1272
2,2041,2141,1223,1460
-1
0,1281,1393,1179,1451
-1
0,1680,1798,1136,1272
1,2038,2142,1226,1462
-1
0,1281,1389,1182,1449
-1
0,1681,1797,1135,1272
1,2037,2140,1222,1470
-1
0,1270,1378,1184,1448
-1
0,1681,1796,1134,1274
1,2037,2139,1220,1477
-1
0,1679,1794,1133,1275
1,1268,1378,1178,1453
-1
0,2034,2140,1214,1485
-1
0,1264,1375,1178,1452
1,1681,1795,1132,1278
2,2036,2141,1216,1487
-1
0,1259,1376,1176,1451
1,1680,1797,1134,1276
2,2034,2143,1211,1489
-1
0,1254,1373,1187,1439
-1
0,1680,1797,1135,1272
1,2033,2149,1209,1493
-1
0,1251,1374,1187,1427
1,1681,1794,1136,1271
2,2033,2149,1206,1497
-1
0,1247,1370,1185,1423
1,1680,1793,1136,1272
-1
0,2023,2157,1209,1496
-1
0,1680,1793,1138,1272
1,1243,1367,1184,1421
-1
0,2021,2158,1207,1497
-1
0,1680,1794,1135,1273
1,1243,1367,1187,1423
-1
0,2015,2163,1211,1496
-1
0,1240,1361,1185,1418
1,1680,1793,1136,1274
-1
0,2006,2168,1213,1498
-1
0,1239,1360,1184,1417
-1
0,1680,1793,1135,1273
1,2004,2175,1217,1497
-1
0,1681,1793,1134,1272
1,1233,1354,1147,1423
2,2012,2176,1215,1498
-1
0,1225,1352,1152,1421
1,1322,1387,1149,1232
2,1682,1789,1131,1272
3,2017,2175,1213,1502
-1
0,1681,1789,1133,1272
1,1321,1384,1150,1234
2,1212,1345,1156,1420
3,2017,2177,1216,1500
-1
0,1680,1784,1136,1272
1,1320,1386,1151,1234
2,1205,1341,1164,1408
-1
0,2021,2176,1218,1498
-1
0,1204,1337,1172,1396
1,1321,1386,1150,1234
2,1680,1781,1139,1271
-1
0,2024,2178,1222,1494
-1
0,1321,1385,1151,1235
1,1201,1335,1173,1391
2,2036,2186,1225,1495
-1
0,1204,1329,1174,1388
1,1319,1385,1152,1234
2,2040,2189,1225,1497
-1
0,1205,1327,1173,1387
1,1308,1397,1145,1268
2,2038,2189,1230,1503
-1
0,1203,1329,1170,1393
-1
0,2043,2191,1231,1505
-1
0,1203,1326,1165,1395
1,1306,1397,1144,1269
2,1671,1780,1152,1268
-1
0,2040,2186,1233,1510
-1
0,1205,1323,1156,1401
1,1308,1398,1143,1270
2,2042,2184,1231,1516
-1
0,1202,1324,1152,1403
1,1308,1397,1142,1273
2,2041,2179,1233,1523
-1
0,1203,1319,1151,1394
1,1311,1392,1145,1309
-1
0,2045,2181,1234,1527
-1
0,1190,1303,1149,1387
1,1310,1390,1145,1309
2,1678,1783,1152,1267
3,1323,1385,1155,1235
4,2040,2174,1236,1530
-1
0,1192,1299,1148,1380
1,1309,1392,1143,1311
2,1675,1780,1153,1267
3,1322,1386,1154,1236
4,2034,2163,1239,1530
-1
0,1188,1298,1147,1379
1,1306,1389,1143,1313
2,1673,1779,1153,1267
3,1321,1384,1153,1236
4,2046,2152,1237,1531
-1
0,1187,1297,1147,1378
1,1677,1780,1153,1267
2,1306,1391,1143,1314
3,1321,1384,1153,1236
4,2035,2158,1238,1533
-1
0,1182,1293,1102,1397
1,1304,1388,1143,1315
2,1691,1759,1156,1263
3,2049,2156,1238,1532
-1
0,1182,1291,1109,1390
1,1305,1389,1144,1315
2,1690,1758,1157,1262
3,1322,1385,1154,1234
-1
0,2049,2157,1232,1535
-1
0,1181,1290,1111,1389
1,1690,1760,1154,1267
2,1303,1389,1145,1315
3,1321,1385,1155,1235
4,2038,2172,1239,1529
-1
0,1181,1285,1111,1386
1,1304,1389,1144,1315
2,1690,1759,1157,1265
3,2038,2178,1245,1525
-1
0,1182,1285,1118,1378
1,1303,1388,1144,1315
2,1688,1758,1158,1264
3,1322,1385,1155,1233
4,2040,2184,1247,1524
-1
0,1182,1283,1120,1376
1,1303,1389,1144,1314
2,1688,1758,1157,1264
3,1321,1384,1156,1234
4,2038,2190,1247,1523
-1
0,1180,1281,1121,1375
1,1303,1389,1145,1313
2,1688,1757,1158,1262
3,1321,1384,1156,1234
4,2037,2196,1248,1522
-1
0,1179,1283,1116,1379
1,1302,1390,1146,1313
2,1688,1757,1157,1263
3,1321,1384,1156,1233
4,2030,2194,1250,1521
-1
0,1178,1282,1122,1373
1,1302,1391,1145,1313
2,1678,1778,1152,1269
-1
0,2023,2189,1248,1527
-1
0,1177,1282,1126,1365
1,1301,1390,1144,1312
2,1676,1777,1150,1268
3,2018,2184,1250,1525
-1
0,1301,1392,1143,1313
1,1173,1280,1129,1355
2,2008,2200,1249,1526
-1
0,1301,1391,1143,1311
1,1174,1281,1124,1363
2,1988,2216,1252,1525
-1
0,1174,1276,1130,1345
1,1303,1394,1145,1311
2,1969,2238,1252,1533
-1
0,1173,1279,1129,1340
1,1303,1394,1145,1308
2,1943,2238,1248,1540
-1
0,1175,1276,1128,1337
1,1303,1396,1145,1309
2,1939,2255,1248,1544
-1
0,1939,2255,1260,1561
-1
0,1175,1270,1126,1335
1,1302,1395,1144,1310
-1
0,1170,1268,1123,1331
1,1301,1396,1145,1310
2,1909,2279,1261,1563
-1
0,1169,1265,1122,1330
1,1906,2274,1261,1570
2,1301,1398,1146,1309
3,1679,1783,1117,1271
-1
0,1900,2269,1264,1576
1,1169,1263,1124,1327
2,1301,1399,1148,1308
3,1676,1784,1116,1271
-1
0,1879,2222,1264,1584
1,1168,1258,1125,1322
2,1302,1399,1148,1307
3,1679,1785,1111,1272
-1
0,1860,2225,1272,1584
1,1167,1255,1126,1323
2,1302,1398,1149,1305
-1
0,1167,1255,1124,1325
1,1303,1399,1148,1307
2,1671,1765,1095,1251
3,1847,2222,1280,1582
-1
0,1845,2223,1290,1581
1,1165,1252,1124,1326
2,1303,1398,1147,1307
3,1675,1766,1093,1251
-1
0,1164,1255,1124,1327
1,1303,1398,1147,1309
2,1674,1768,1092,1252
3,1818,2273,1291,1580
-1
0,1163,1251,1124,1325
1,1304,1397,1147,1307
2,1677,1766,1090,1255
3,1848,2226,1296,1583
-1
0,1681,1767,1089,1254
1,1881,2206,1301,1582
2,1161,1255,1121,1325
3,1303,1396,1146,1308
-1
0,1891,2192,1309,1581
1,1153,1248,1108,1317
2,1301,1396,1145,1309
3,1680,1767,1088,1258
-1
0,1900,2184,1310,1581
1,1157,1243,1108,1311
2,1300,1395,1145,1309
3,1679,1769,1087,1260
-1
0,1156,1241,1105,1308
1,1301,1395,1145,1308
2,1680,1769,1086,1259
3,1916,2158,1310,1582
-1
0,1158,1242,1104,1301
1,1299,1395,1146,1309
2,1680,1770,1087,1259
3,1911,2164,1311,1586
-1
0,1159,1244,1105,1301
1,1300,1395,1145,1309
2,1907,2152,1310,1588
-1
0,1160,1242,1104,1300
1,1301,1395,1145,1309
2,1898,2141,1316,1590
-1
0,1158,1242,1099,1297
1,1300,1396,1146,1309
2,1882,2132,1315,1594
-1
0,1876,2117,1318,1596
1,1156,1239,1096,1296
2,1300,1396,1146,1309
3,1683,1776,1084,1258
-1
0,1880,2106,1323,1598
1,1156,1241,1095,1296
2,1301,1398,1146,1307
3,1683,1776,1084,1259
-1
0,1875,2085,1324,1601
1,1158,1240,1095,1294
2,1301,1396,1147,1306
3,1688,1776,1083,1261
-1
0,1861,2072,1324,1604
1,1159,1239,1096,1294
2,1301,1395,1147,1306
3,1690,1777,1084,1262
-1
0,1849,2037,1325,1604
1,1161,1238,1099,1291
2,1302,1396,1147,1306
3,1692,1780,1085,1262
-1
0,1850,2020,1322,1608
1,1159,1239,1102,1291
2,1302,1396,1147,1306
3,1696,1782,1080,1266
-1
0,1842,2018,1322,1610
1,1161,1242,1097,1294
2,1302,1395,1147,1306
3,1696,1781,1081,1267
-1
0,1817,1990,1315,1609
1,1164,1248,1094,1292
2,1302,1395,1146,1306
3,1692,1786,1079,1269
-1
0,1803,1979,1311,1617
1,1169,1251,1092,1290
2,1302,1396,1147,1307
3,1695,1786,1081,1266
-1
0,1798,1974,1313,1613
1,1174,1254,1099,1286
2,1303,1397,1147,1307
3,1696,1799,1106,1283
-1
0,1798,1972,1313,1610
1,1180,1253,1098,1284
2,1700,1798,1106,1284
3,1303,1398,1148,1306
-1
0,1779,1969,1314,1606
1,1183,1255,1098,1281
2,1302,1397,1149,1307
3,1697,1801,1102,1283
-1
0,1750,1969,1314,1601
1,1175,1257,1082,1269
2,1303,1398,1149,1306
3,1705,1792,1081,1268
-1
0,1730,1967,1315,1599
1,1174,1260,1081,1269
2,1302,1399,1150,1307
3,1702,1801,1097,1286
-1
0,1708,1961,1310,1600
1,1177,1260,1081,1269
2,1704,1801,1100,1288
3,1302,1400,1150,1306
-1
0,1694,1955,1312,1598
1,1184,1261,1081,1268
2,1303,1400,1151,1305
3,1708,1804,1105,1282
-1
0,1686,1941,1310,1599
1,1186,1263,1081,1266
2,1302,1401,1152,1304
3,1710,1800,1106,1283
-1
0,1673,1941,1313,1596
1,1187,1267,1081,1267
2,1302,1401,1152,1305
3,1711,1800,1103,1282
4,1318,1385,1157,1236
-1
0,1651,1928,1308,1600
1,1186,1269,1080,1268
2,1710,1801,1102,1283
3,1303,1403,1152,1304
4,1317,1385,1156,1235
-1
0,1617,1892,1302,1614
1,1186,1270,1080,1270
2,1303,1402,1152,1303
3,1711,1801,1105,1281
-1
0,1186,1269,1080,1268
1,1303,1402,1151,1304
2,1710,1800,1104,1289
3,1318,1387,1157,1236
4,1614,1884,1310,1599
-1
0,1191,1271,1080,1270
1,1303,1403,1151,1304
2,1712,1801,1103,1297
3,1318,1387,1157,1236
4,1611,1869,1313,1596
-1
0,1194,1272,1079,1268
1,1303,1404,1151,1302
2,1714,1806,1105,1295
3,1318,1388,1157,1236
4,1597,1850,1310,1589
-1
0,1587,1843,1296,1587
-1
0,1191,1276,1078,1271
1,1304,1406,1152,1303
2,1715,1808,1106,1294
3,1319,1388,1157,1235
-1
0,1304,1408,1154,1302
1,1319,1388,1157,1235
2,1576,1815,1295,1581
-1
0,1196,1277,1076,1269
-1
0,1303,1409,1154,1301
1,1319,1388,1157,1234
2,1558,1798,1297,1579
-1
0,1199,1279,1075,1269
-1
0,1538,1803,1294,1580
-1
0,1202,1280,1075,1266
1,1303,1412,1155,1301
2,1318,1388,1156,1234
3,1738,1834,1103,1305
-1
0,1532,1804,1290,1581
-1
0,1202,1280,1071,1266
1,1302,1413,1156,1303
2,1318,1388,1157,1234
-1
0,1319,1389,1157,1234
1,1536,1773,1295,1576
2,1206,1282,1071,1261
3,1303,1413,1154,1305
-1
0,1523,1784,1294,1578
1,1206,1282,1072,1257
2,1746,1836,1103,1310
3,1305,1414,1153,1304
4,1319,1388,1156,1233
-1
0,1513,1779,1293,1578
1,1208,1283,1070,1257
2,1304,1412,1154,1304
3,1747,1832,1106,1308
-1
0,1516,1765,1284,1586
1,1209,1285,1072,1252
2,1303,1411,1154,1303
3,1749,1834,1107,1307
4,1318,1387,1155,1234
-1
0,1521,1753,1282,1581
1,1206,1285,1072,1246
2,1749,1833,1104,1313
3,1302,1409,1156,1303
4,1317,1387,1156,1233
-1
0,1523,1751,1279,1584
1,1224,1302,1073,1248
2,1301,1408,1156,1304
3,1749,1841,1117,1336
4,1317,1387,1157,1234
-1
0,1500,1716,1267,1584
1,1224,1301,1074,1249
2,1303,1408,1157,1303
3,1316,1385,1157,1234
4,1753,1848,1129,1330
-1
0,1498,1711,1260,1581
1,1226,1300,1074,1246
2,1760,1848,1094,1327
3,1303,1407,1158,1302
4,1316,1385,1157,1233
-1
0,1500,1704,1256,1574
1,1229,1301,1077,1246
2,1303,1407,1158,1300
3,1757,1856,1122,1334
4,1316,1385,1157,1233
-1
0,1512,1690,1256,1572
1,1230,1301,1075,1249
2,1303,1406,1159,1301
3,1316,1385,1156,1234
4,1758,1859,1119,1341
5,1244,1302,1159,1244
-1
0,1231,1302,1074,1249
1,1303,1406,1159,1300
2,1318,1384,1157,1233
3,1245,1302,1157,1244
4,1510,1684,1256,1567
-1
0,1501,1673,1248,1539
1,1231,1304,1076,1249
2,1304,1408,1157,1302
3,1775,1859,1091,1328
4,1317,1386,1156,1235
-1
0,1507,1666,1247,1536
1,1233,1305,1076,1250
2,1304,1406,1156,1305
3,1770,1864,1111,1351
4,1318,1386,1156,1236
-1
0,1499,1663,1251,1530
1,1234,1307,1074,1250
2,1303,1404,1155,1304
3,1775,1862,1124,1338
4,1319,1386,1156,1237
-1
0,1495,1662,1254,1524
1,1241,1309,1075,1247
2,1304,1407,1154,1304
3,1776,1869,1122,1336
4,1320,1388,1157,1238
-1
0,1242,1311,1074,1247
1,1301,1403,1153,1305
2,1321,1388,1157,1239
3,1779,1881,1115,1348
4,1486,1655,1259,1519
-1
0,1248,1317,1074,1247
1,1300,1402,1152,1305
2,1780,1882,1121,1347
3,1473,1644,1259,1515
-1
0,1255,1322,1074,1249
1,1301,1403,1150,1306
2,1457,1634,1259,1518
-1
0,1450,1634,1262,1517
1,1257,1329,1076,1251
2,1303,1404,1149,1307
-1
0,1251,1326,1078,1252
1,1302,1405,1150,1306
2,1447,1623,1260,1517
-1
0,1258,1336,1075,1254
1,1300,1401,1148,1306
2,1441,1617,1259,1515
-1
0,1429,1614,1256,1515
-1
0,1260,1339,1077,1253
-1
0,1418,1610,1265,1512
-1
0,1420,1603,1257,1512
-1
0,1420,1588,1256,1511
-1
0,1423,1565,1259,1498
-1
0,1425,1557,1255,1495
-1
0,1398,1524,1223,1485
-1
0,1395,1516,1227,1476
-1
0,1388,1511,1221,1488
-1
0,1385,1510,1216,1495
-1
0,1382,1509,1234,1510
-1
0,1349,1522,1233,1493
-1
0,1348,1522,1222,1490
-1
0,1338,1522,1226,1492
-1
0,1336,1518,1221,1493
-1
0,1331,1513,1222,1496
-1
0,1328,1508,1221,1494
-1
0,1315,1497,1227,1496
-1
0,1306,1491,1218,1492
-1
0,1301,1472,1212,1485
-1
0,1321,1459,1236,1452
-1
0,1318,1453,1237,1446
-1
0,1321,1439,1202,1435
-1
0,1304,1456,1151,1445
-1
0,1302,1455,1149,1437
-1
0,1315,1423,1201,1423
-1
0,1951,2063,1121,1349
1,1313,1423,1203,1423
-1
0,1311,1419,1202,1421
-1
0,1949,2066,1117,1357
-1
0,1295,1448,1142,1435
-1
0,1953,2066,1118,1361
-1
0,1292,1444,1138,1437
-1
0,1950,2068,1116,1364
-1
0,1954,2069,1122,1355
1,1300,1408,1190,1419
-1
0,1957,2071,1125,1356
1,1293,1406,1189,1419
-1
0,1973,2066,1130,1353
1,1386,1471,1074,1232
2,1294,1396,1192,1419
-1
0,1387,1474,1074,1234
1,1973,2064,1131,1353
2,1283,1400,1189,1421
-1
0,1385,1470,1072,1236
1,1279,1397,1188,1419
-1
0,1388,1466,1070,1237
-1
0,1273,1373,1191,1411
-1
0,1389,1466,1070,1236
1,1980,2084,1122,1361
-1
0,1268,1374,1188,1412
-1
0,1254,1378,1148,1419
1,1388,1468,1070,1239
2,1982,2090,1119,1364
-1
0,1393,1469,1069,1241
1,1987,2090,1121,1361
2,1249,1380,1153,1411
-1
0,1248,1373,1159,1405
1,1398,1472,1071,1241
2,1986,2094,1119,1363
-1
0,1398,1473,1070,1242
1,1985,2100,1123,1363
2,1334,1391,1154,1230
3,1247,1370,1162,1396
-1
0,1987,2101,1128,1360
1,1403,1474,1070,1243
2,1334,1390,1156,1233
-1
0,1246,1362,1164,1395
-1
0,1407,1481,1076,1241
1,1333,1391,1154,1234
2,1990,2099,1135,1348
3,1243,1363,1162,1399
-1
0,1407,1484,1068,1242
1,1330,1392,1156,1235
2,1991,2098,1133,1349
3,1237,1351,1158,1404
-1
0,1412,1491,1068,1244
1,1991,2099,1128,1352
2,1330,1392,1156,1233
3,1234,1348,1162,1396
-1
0,1412,1490,1066,1243
1,1328,1393,1155,1235
2,1988,2100,1126,1356
3,1229,1343,1164,1396
-1
0,1416,1491,1063,1245
1,1330,1392,1156,1238
2,1223,1341,1157,1403
-1
0,1988,2098,1121,1354
-1
0,1981,2094,1124,1351
1,1416,1492,1073,1244
2,1329,1392,1156,1238
3,1217,1337,1158,1403
-1
0,1213,1330,1166,1396
-1
0,1983,2090,1125,1352
1,1422,1493,1069,1244
2,1330,1392,1155,1240
-1
0,1213,1331,1160,1397
-1
0,1981,2087,1120,1355
1,1423,1496,1069,1245
2,1328,1392,1157,1236
-1
0,1978,2080,1119,1349
1,1425,1498,1075,1242
2,1329,1394,1156,1238
3,1314,1395,1150,1300
4,1210,1326,1159,1395
-1
0,1211,1323,1162,1389
-1
0,1978,2073,1123,1346
1,1425,1501,1072,1240
2,1328,1392,1156,1238
-1
0,1212,1321,1159,1383
-1
0,1979,2067,1124,1342
1,1428,1506,1070,1246
2,1315,1393,1155,1297
-1
0,1314,1395,1153,1301
1,1979,2060,1128,1340
2,1427,1506,1075,1247
3,1328,1395,1158,1238
4,1211,1317,1158,1371
-1
0,1211,1314,1161,1364
1,1973,2062,1129,1342
2,1314,1395,1153,1302
3,1428,1507,1076,1246
-1
0,1312,1395,1153,1305
1,1974,2057,1130,1336
2,1212,1314,1166,1359
-1
0,1972,2059,1127,1344
1,1313,1396,1151,1307
2,1214,1313,1165,1360
-1
0,1315,1393,1150,1306
1,1977,2059,1128,1343
2,1330,1391,1156,1238
3,1197,1298,1134,1358
-1
0,1196,1298,1128,1361
1,1968,2060,1124,1349
2,1314,1391,1149,1307
3,1448,1541,1079,1256
-1
0,1314,1392,1149,1309
1,1448,1536,1079,1259
2,1968,2058,1127,1341
3,1196,1296,1125,1355
-1
0,1197,1296,1129,1356
1,1313,1392,1146,1312
-1
0,1196,1296,1127,1350
1,1312,1393,1146,1311
2,1455,1545,1075,1263
-1
0,1194,1296,1127,1350
1,1312,1395,1146,1309
2,1455,1545,1079,1264
3,1970,2054,1129,1346
-1
0,1327,1388,1156,1234
1,1193,1293,1131,1347
2,1310,1393,1146,1309
-1
0,1308,1393,1144,1311
1,1325,1388,1156,1235
2,1471,1559,1080,1259
3,1191,1293,1129,1349
-1
0,1326,1389,1157,1234
1,1189,1295,1127,1350
2,1472,1559,1083,1260
3,1308,1393,1145,1312
4,1962,2053,1129,1348
-1
0,1475,1563,1083,1264
1,1307,1394,1146,1310
2,1325,1388,1159,1232
3,1185,1297,1128,1349
-1
0,1324,1387,1159,1233
1,1190,1292,1130,1345
2,1478,1566,1081,1268
3,1307,1395,1148,1308
-1
0,1324,1387,1158,1234
1,1191,1284,1132,1337
2,1486,1575,1108,1278
3,1307,1396,1149,1306
-1
0,1486,1575,1111,1280
1,1306,1398,1149,1307
2,1325,1388,1160,1233
3,1187,1283,1128,1334
-1
0,1484,1575,1105,1288
1,1305,1398,1147,1308
2,1325,1386,1160,1233
3,1186,1281,1125,1329
-1
0,1489,1575,1110,1293
1,1306,1398,1146,1309
2,1184,1279,1122,1328
-1
0,1490,1573,1111,1294
1,1306,1401,1147,1309
2,1180,1274,1126,1323
-1
0,1180,1274,1127,1321
1,1305,1399,1147,1310
2,1492,1578,1115,1292
-1
0,1493,1578,1112,1295
1,1305,1397,1143,1312
2,1183,1281,1108,1316
-1
0,1497,1578,1112,1293
1,1305,1398,1144,1313
2,1180,1284,1108,1317
-1
0,1305,1397,1143,1313
1,1496,1581,1109,1294
2,1181,1283,1107,1317
-1
0,1183,1282,1108,1317
1,1306,1399,1145,1311
2,1495,1581,1109,1290
-1
0,1307,1400,1145,1311
1,1495,1579,1109,1288
2,1526,1609,1115,1280
3,1183,1283,1108,1314
-1
0,1307,1399,1145,1311
1,1496,1578,1110,1287
2,1527,1607,1117,1280
3,1185,1283,1108,1314
-1
0,1496,1576,1107,1286
1,1306,1398,1145,1311
2,1527,1607,1115,1279
3,1188,1284,1109,1314
-1
0,1495,1578,1107,1288
1,1306,1400,1146,1309
2,1189,1283,1109,1311
-1
0,1191,1283,1108,1308
1,1494,1578,1109,1290
2,1306,1400,1147,1309
-1
0,1493,1577,1110,1293
1,1307,1401,1147,1308
2,1194,1284,1107,1307
-1
0,1308,1401,1147,1308
1,1197,1284,1107,1303
2,1489,1578,1110,1293
-1
0,1485,1577,1111,1292
1,1308,1403,1149,1307
2,1201,1283,1106,1298
-1
0,1308,1402,1149,1307
1,1203,1284,1105,1296
2,1485,1578,1111,1289
-1
0,1482,1575,1112,1284
1,1305,1402,1151,1307
2,1202,1282,1102,1296
-1
0,1204,1279,1102,1293
1,1481,1574,1112,1282
2,1303,1403,1153,1306
-1
0,1484,1574,1109,1283
1,1304,1405,1154,1305
2,1204,1280,1100,1294
-1
0,1303,1408,1153,1304
1,1202,1281,1099,1295
2,1479,1576,1104,1283
-1
0,1303,1407,1152,1303
1,1202,1285,1095,1296
2,1475,1572,1079,1272
-1
0,1304,1407,1153,1303
1,1202,1284,1097,1295
2,1475,1562,1082,1266
-1
0,1304,1406,1152,1304
1,1202,1287,1095,1295
2,1468,1564,1096,1291
-1
0,1200,1288,1097,1291
1,1463,1560,1082,1262
2,1303,1408,1154,1303
-1
0,1464,1561,1076,1266
1,1201,1290,1098,1290
2,1304,1411,1154,1304
-1
0,1460,1555,1076,1266
1,1201,1289,1099,1292
2,1303,1412,1155,1303
3,1841,1936,1132,1352
4,1323,1392,1159,1237
-1
0,1456,1551,1077,1270
1,1201,1290,1100,1288
2,1303,1412,1154,1304
-1
0,1201,1292,1102,1288
1,1455,1551,1075,1265
2,1303,1411,1152,1306
-1
0,1203,1291,1104,1283
1,1452,1549,1076,1263
2,1300,1409,1154,1306
-1
0,1203,1291,1104,1279
1,1447,1545,1075,1267
2,1303,1411,1154,1304
-1
0,1444,1541,1071,1267
1,1202,1288,1102,1278
2,1304,1411,1155,1302
-1
0,1445,1539,1070,1261
1,1206,1284,1088,1257
2,1303,1410,1156,1301
-1
0,1445,1539,1073,1258
1,1208,1282,1088,1252
2,1301,1409,1156,1300
3,1227,1312,1109,1277
-1
0,1209,1281,1089,1252
1,1304,1410,1157,1300
2,1444,1539,1073,1260
3,1226,1311,1113,1274
4,1324,1393,1159,1240
-1
0,1210,1281,1088,1252
1,1424,1513,1069,1263
2,1303,1408,1156,1300
3,1225,1313,1111,1275
-1
0,1210,1279,1088,1252
1,1425,1511,1072,1259
2,1303,1408,1156,1301
-1
0,1426,1513,1072,1251
1,1209,1281,1089,1249
2,1301,1407,1156,1302
-1
0,1427,1514,1069,1249
1,1208,1280,1087,1253
2,1302,1407,1155,1301
-1
0,1427,1512,1072,1250
1,1207,1282,1086,1255
2,1302,1406,1154,1303
-1
0,1427,1508,1071,1251
1,1207,1284,1087,1255
2,1302,1404,1154,1302
3,1225,1317,1113,1277
-1
0,1427,1509,1070,1248
1,1206,1286,1087,1255
2,1302,1404,1154,1301
3,1752,1843,1123,1348
-1
0,1423,1504,1070,1250
1,1203,1286,1086,1254
2,1304,1403,1151,1303
-1
0,1425,1503,1070,1247
1,1205,1285,1087,1255
2,1304,1402,1153,1302
3,1224,1315,1114,1280
-1
0,1422,1502,1072,1243
1,1306,1402,1153,1302
2,1204,1285,1087,1257
-1
0,1304,1402,1153,1299
1,1420,1501,1068,1240
2,1202,1282,1103,1281
-1
0,1202,1280,1100,1284
1,1303,1404,1154,1300
2,1417,1501,1066,1241
-1
0,1417,1497,1067,1238
1,1304,1406,1153,1300
2,1323,1393,1157,1237
3,1202,1280,1087,1260
-1
0,1303,1402,1156,1297
1,1323,1390,1158,1238
2,1413,1493,1066,1240
3,1202,1281,1101,1284
-1
0,1303,1403,1156,1297
1,1203,1280,1099,1285
2,1412,1493,1066,1240
-1
0,1409,1481,1067,1240
1,1303,1402,1155,1299
2,1324,1389,1156,1239
3,1202,1279,1101,1283
-1
0,1409,1480,1071,1238
1,1301,1402,1157,1296
2,1324,1388,1158,1237
3,1203,1274,1101,1283
-1
0,1303,1404,1157,1295
1,1324,1389,1157,1237
2,1205,1275,1105,1283
-1
0,1407,1478,1067,1237
-1
0,1301,1401,1158,1294
1,1325,1389,1157,1237
2,1205,1271,1104,1283
-1
0,1403,1472,1066,1236
-1
0,1206,1274,1102,1284
-1
0,1400,1471,1067,1234
1,1301,1401,1158,1293
2,1325,1390,1159,1237
-1
0,1299,1402,1159,1293
-1
0,1324,1389,1160,1240
1,1394,1472,1065,1236
2,1203,1275,1103,1285
-1
