-1
0,2200,2338,1177,1351
-1
0,2192,2333,1183,1350
-1
0,2186,2335,1185,1348
-1
0,2188,2334,1187,1349
-1
0,2196,2330,1189,1347
-1
0,2200,2329,1188,1350
-1
0,2203,2330,1186,1352
-1
0,2208,2331,1184,1355
-1
0,2211,2332,1182,1358
-1
0,2211,2335,1178,1363
-1
0,2210,2336,1178,1364
-1
0,2211,2335,1177,1365
-1
0,2211,2335,1176,1366
-1
0,2209,2335,1177,1366
-1
0,2210,2332,1178,1365
-1
0,2214,2328,1179,1366
-1
0,2217,2325,1179,1366
-1
0,2216,2323,1180,1365
-1
0,2219,2320,1181,1364
-1
0,2220,2320,1180,1364
-1
0,2220,2320,1179,1363
-1
0,2220,2318,1179,1363
-1
0,2221,2317,1180,1363
-1
0,2220,2318,1180,1363
-1
0,2218,2317,1179,1364
-1
0,2218,2318,1179,1364
-1
0,2218,2316,1180,1362
-1
0,2219,2316,1180,1363
-1
0,2217,2317,1179,1364
-1
0,2218,2316,1179,1363
-1
0,2216,2316,1178,1365
-1
0,2216,2314,1176,1365
-1
0,2215,2315,1176,1366
-1
0,2215,2314,1176,1367
-1
0,2211,2316,1176,1365
-1
0,2207,2314,1177,1363
-1
0,2205,2318,1177,1364
-1
0,2204,2319,1176,1366
-1
0,2204,2319,1176,1365
-1
0,2202,2317,1176,1365
-1
0,2204,2316,1178,1365
-1
0,2201,2315,1177,1366
-1
0,2200,2315,1177,1367
-1
0,2200,2314,1178,1365
-1
0,2201,2314,1178,1365
-1
0,2201,2315,1178,1365
-1
0,933,1008,1083,1306
1,2201,2315,1178,1365
-1
0,934,1009,1083,1308
1,2201,2315,1179,1365
-1
0,936,1012,1082,1308
-1
0,2201,2315,1179,1365
-1
0,938,1019,1085,1305
1,2201,2315,1179,1365
-1
0,939,1024,1087,1304
1,2201,2315,1179,1366
-1
0,941,1032,1089,1301
1,2200,2315,1179,1364
-1
0,942,1037,1086,1304
1,2200,2313,1179,1364
-1
0,945,1039,1089,1301
1,2201,2315,1179,1365
-1
0,949,1039,1094,1299
1,2200,2314,1179,1364
-1
0,953,1039,1092,1300
1,2200,2316,1179,1364
-1
0,2200,2316,1180,1365
-1
0,961,1042,1095,1297
-1
0,2200,2316,1180,1365
-1
0,971,1043,1090,1298
-1
0,975,1048,1092,1299
-1
0,2200,2316,1180,1364
-1
0,2199,2316,1180,1365
-1
0,977,1051,1088,1300
-1
0,982,1060,1091,1305
-1
0,2199,2315,1181,1365
-1
0,2199,2315,1180,1366
-1
0,1002,1084,1087,1309
-1
0,2199,2316,1180,1365
-1
0,1004,1084,1087,1308
-1
0,2199,2316,1180,1366
-1
0,2200,2317,1179,1365
-1
0,1007,1090,1084,1311
-1
0,2200,2317,1180,1364
-1
0,1011,1091,1081,1314
-1
0,2200,2316,1181,1364
-1
0,1009,1098,1084,1312
-1
0,2202,2316,1184,1363
-1
0,2201,2315,1186,1364
-1
0,1023,1109,1084,1311
-1
0,2201,2315,1186,1363
-1
0,1034,1108,1069,1326
-1
0,2201,2315,1187,1364
-1
0,1035,1116,1076,1324
-1
0,2201,2314,1188,1363
-1
0,1043,1117,1067,1334
-1
0,1049,1128,1083,1320
-1
0,2200,2314,1188,1363
-1
0,2200,2314,1187,1364
-1
0,2200,2314,1186,1364
-1
0,1060,1134,1089,1312
-1
0,2200,2314,1186,1364
-1
0,1065,1132,1085,1315
-1
0,2200,2316,1185,1364
-1
0,1066,1138,1089,1309
-1
0,2200,2315,1185,1364
-1
0,1068,1136,1089,1307
-1
0,2200,2316,1184,1364
-1
0,1079,1157,1086,1307
-1
0,2200,2317,1183,1365
-1
0,1082,1157,1079,1314
-1
0,2200,2318,1182,1365
-1
0,1088,1164,1081,1308
-1
0,1091,1168,1081,1306
-1
0,2199,2318,1181,1365
-1
0,1090,1178,1080,1310
-1
0,2199,2317,1181,1366
-1
0,1094,1190,1083,1311
-1
0,2199,2317,1181,1365
-1
0,1099,1203,1084,1307
-1
0,2199,2317,1181,1365
-1
0,1109,1205,1088,1306
-1
0,2200,2316,1183,1365
-1
0,2200,2316,1183,1363
1,1111,1213,1087,1302
-1
0,1119,1213,1087,1300
-1
0,2200,2316,1183,1363
-1
0,2200,2316,1183,1363
1,1125,1216,1089,1304
-1
0,1128,1218,1091,1306
-1
0,2200,2317,1184,1363
-1
0,1132,1217,1095,1299
-1
0,2200,2317,1184,1364
-1
0,1137,1235,1084,1309
-1
0,2200,2317,1183,1363
-1
0,1141,1234,1080,1310
1,2201,2317,1184,1363
-1
0,2202,2317,1184,1364
1,1148,1235,1084,1313
-1
0,2804,2868,1231,1291
-1
0,2203,2317,1183,1363
-1
0,1153,1233,1081,1310
-1
0,2205,2317,1185,1364
-1
0,938,1016,1087,1301
1,1157,1236,1080,1311
-1
0,1158,1238,1076,1312
-1
0,2207,2316,1185,1363
-1
0,2204,2318,1184,1364
-1
0,937,1020,1087,1299
1,1163,1246,1077,1309
-1
0,935,1021,1086,1300
1,2204,2318,1184,1364
2,1165,1252,1078,1309
-1
0,2203,2321,1185,1363
1,1167,1256,1075,1313
-1
0,939,1022,1085,1301
-1
0,2202,2320,1186,1362
-1
0,1169,1263,1078,1309
-1
0,945,1024,1087,1305
1,2198,2319,1188,1363
2,1176,1267,1081,1304
-1
0,948,1019,1084,1305
1,2196,2319,1188,1363
2,1180,1275,1078,1303
-1
0,1187,1278,1081,1305
-1
0,2195,2316,1189,1362
-1
0,951,1023,1085,1304
1,2193,2315,1189,1362
2,1190,1284,1083,1302
-1
0,953,1032,1089,1299
1,2194,2314,1189,1362
2,1191,1286,1083,1301
-1
0,2201,2315,1189,1361
1,955,1033,1085,1301
2,1195,1289,1087,1302
-1
0,2202,2313,1190,1361
1,959,1033,1086,1300
2,1198,1293,1081,1301
-1
0,962,1038,1086,1300
1,2203,2313,1190,1360
2,1198,1296,1087,1301
-1
0,2204,2313,1191,1360
1,964,1038,1088,1302
2,1209,1316,1087,1292
-1
0,974,1047,1086,1300
1,2206,2313,1192,1360
2,1213,1315,1088,1294
-1
0,967,1053,1089,1297
1,2204,2312,1191,1360
2,1217,1312,1085,1296
-1
0,2204,2311,1190,1359
-1
0,1222,1318,1088,1289
-1
0,2205,2313,1190,1359
-1
0,1228,1325,1085,1297
-1
0,1231,1323,1080,1299
-1
0,2207,2314,1191,1359
-1
0,1237,1336,1087,1292
-1
0,1009,1099,1089,1306
1,2206,2314,1191,1360
-1
0,1017,1107,1092,1307
1,2206,2314,1191,1360
-1
0,1239,1340,1083,1292
-1
0,1243,1334,1070,1276
-1
0,1019,1105,1092,1309
1,2206,2314,1191,1360
-1
0,2205,2314,1191,1360
1,1023,1112,1094,1308
2,1241,1343,1069,1282
-1
0,2205,2314,1191,1360
1,1027,1112,1097,1310
2,1247,1348,1068,1285
-1
0,1037,1116,1088,1313
1,2205,2314,1191,1361
2,1241,1357,1080,1294
-1
0,2206,2313,1191,1359
1,1049,1124,1088,1315
2,1250,1358,1084,1292
-1
0,1052,1131,1088,1311
1,2206,2315,1191,1360
2,1252,1361,1064,1288
-1
0,2205,2314,1191,1359
1,1264,1358,1064,1288
-1
0,2205,2314,1192,1360
1,1062,1136,1091,1309
2,1262,1362,1083,1291
-1
0,2205,2315,1192,1360
1,1063,1137,1089,1308
2,1268,1360,1086,1290
-1
0,1271,1362,1085,1292
1,2204,2316,1191,1360
2,1065,1139,1090,1313
-1
0,1065,1139,1089,1310
1,1281,1360,1090,1289
2,2205,2316,1191,1360
-1
0,1065,1141,1093,1312
1,1296,1391,1069,1281
2,2205,2317,1191,1360
-1
0,1075,1160,1091,1315
1,1295,1391,1069,1282
2,2203,2317,1192,1360
-1
0,1079,1172,1095,1314
1,2203,2316,1191,1360
2,1297,1392,1066,1283
-1
0,1296,1394,1065,1285
-1
0,1082,1172,1094,1315
-1
0,2203,2316,1191,1361
-1
0,1299,1396,1064,1288
-1
0,2203,2317,1191,1361
1,1088,1174,1098,1359
-1
0,1092,1184,1093,1369
1,2203,2317,1191,1361
2,1302,1398,1059,1285
-1
0,1100,1187,1099,1366
1,2202,2317,1191,1361
2,1304,1399,1063,1285
-1
0,1104,1191,1085,1390
1,2202,2315,1190,1361
2,1310,1401,1067,1273
-1
0,1081,1228,1107,1458
1,2201,2316,1191,1362
2,1310,1407,1066,1276
-1
0,1111,1208,1096,1383
1,2201,2315,1191,1361
2,1320,1409,1069,1273
-1
0,2199,2315,1190,1360
1,2806,2866,1231,1290
2,1115,1208,1091,1388
3,1327,1411,1069,1268
-1
0,1330,1413,1070,1269
1,1117,1215,1105,1374
2,2201,2313,1190,1360
-1
0,1121,1213,1096,1379
1,1337,1415,1068,1270
2,2201,2314,1190,1361
-1
0,1125,1215,1103,1376
1,2200,2315,1190,1361
2,1338,1422,1064,1269
-1
0,1125,1218,1115,1368
1,1340,1418,1059,1266
2,931,1005,1103,1288
3,2201,2314,1190,1360
-1
0,2198,2315,1190,1361
1,1344,1433,1060,1269
2,1129,1215,1099,1374
3,931,1009,1107,1293
-1
0,1343,1434,1057,1269
1,932,1011,1102,1305
-1
0,2198,2315,1191,1361
1,1150,1225,1100,1374
-1
0,1363,1459,1057,1264
1,1150,1232,1096,1379
2,2198,2315,1191,1361
3,933,1014,1101,1306
-1
0,933,1015,1100,1308
1,1368,1464,1059,1265
2,2198,2315,1191,1361
3,1152,1238,1104,1378
-1
0,937,1017,1101,1307
1,1370,1462,1053,1275
2,2197,2315,1191,1360
3,1154,1250,1091,1391
-1
0,2199,2316,1190,1361
1,939,1025,1101,1309
2,1379,1468,1048,1281
3,1158,1257,1097,1391
-1
0,1158,1265,1104,1380
1,2199,2316,1190,1361
2,938,1031,1104,1303
-1
0,1380,1473,1048,1283
-1
0,1164,1274,1109,1380
1,2200,2315,1190,1362
2,943,1038,1105,1304
-1
0,1169,1278,1104,1383
1,2200,2316,1190,1362
2,1385,1482,1056,1264
3,945,1041,1103,1302
-1
0,1175,1288,1101,1390
1,1384,1478,1058,1264
2,2201,2316,1190,1364
3,946,1045,1107,1302
-1
0,1174,1294,1110,1377
1,2201,2315,1190,1363
2,1389,1480,1058,1261
3,954,1046,1104,1302
-1
0,1385,1484,1057,1262
1,1180,1294,1100,1397
2,2200,2316,1190,1363
3,953,1053,1105,1303
-1
0,1179,1325,1125,1403
1,2201,2316,1191,1363
2,963,1053,1105,1302
3,1388,1484,1058,1265
-1
0,1186,1341,1129,1399
1,2201,2317,1190,1363
2,969,1054,1104,1303
3,1393,1488,1059,1265
-1
0,2200,2317,1190,1364
1,1402,1488,1061,1264
2,971,1057,1105,1298
3,1190,1365,1134,1396
-1
0,2200,2316,1189,1363
1,1401,1489,1060,1265
2,972,1066,1104,1299
3,1198,1367,1138,1402
-1
0,2201,2316,1189,1362
1,1415,1494,1064,1256
2,1003,1083,1100,1298
3,1206,1363,1131,1401
-1
0,2201,2317,1191,1362
1,1414,1492,1062,1254
2,1007,1085,1098,1306
3,1200,1368,1134,1399
-1
0,1215,1369,1131,1403
1,2203,2317,1190,1362
2,1424,1495,1058,1257
3,1011,1090,1098,1301
-1
0,2204,2316,1190,1362
1,1429,1499,1057,1262
2,1019,1099,1099,1305
3,1216,1338,1129,1399
-1
0,1230,1376,1124,1409
1,1428,1502,1053,1267
2,2203,2315,1192,1362
3,1023,1107,1097,1308
-1
0,1235,1381,1125,1411
1,2202,2315,1192,1363
2,1430,1502,1052,1267
3,1041,1130,1093,1363
-1
0,1242,1366,1118,1408
1,1447,1520,1059,1266
2,2202,2316,1192,1363
3,1037,1128,1096,1316
-1
0,2201,2316,1192,1363
1,1449,1523,1058,1258
2,1048,1134,1094,1361
3,2807,2870,1231,1291
4,1247,1370,1122,1406
-1
0,1249,1377,1129,1397
1,2200,2314,1191,1362
2,1450,1522,1060,1259
3,1049,1135,1095,1309
4,1312,1398,1097,1394
-1
0,2199,2315,1192,1363
1,1250,1383,1125,1408
2,1049,1141,1100,1309
3,1449,1526,1060,1264
-1
0,2199,2316,1192,1364
1,1455,1528,1059,1264
2,1058,1139,1099,1309
3,1266,1412,1128,1415
-1
0,1455,1530,1064,1262
1,1266,1419,1128,1428
2,1060,1142,1101,1304
3,2199,2316,1191,1362
-1
0,2198,2318,1192,1362
1,1455,1535,1063,1269
2,1057,1143,1103,1354
3,1271,1414,1130,1430
-1
0,1462,1543,1061,1267
1,2196,2318,1193,1363
2,1081,1156,1102,1359
3,1278,1416,1132,1446
-1
0,1462,1544,1062,1268
1,2196,2319,1193,1363
2,1083,1155,1100,1367
3,1280,1420,1134,1451
-1
0,1469,1540,1063,1266
1,1088,1159,1102,1360
2,1284,1425,1134,1454
3,2197,2318,1192,1363
-1
0,1472,1549,1065,1266
1,1092,1158,1097,1369
2,2197,2319,1192,1363
3,1286,1429,1135,1461
-1
0,1295,1429,1132,1465
1,2197,2318,1191,1362
2,1096,1165,1097,1361
3,1476,1546,1068,1261
-1
0,1300,1437,1141,1465
1,1100,1175,1094,1365
2,2197,2318,1191,1362
3,1486,1554,1069,1257
-1
0,1298,1437,1150,1464
1,1105,1187,1089,1366
2,2198,2318,1191,1364
3,1490,1558,1068,1257
-1
0,1118,1201,1085,1370
1,2199,2318,1191,1363
2,1493,1556,1074,1260
3,1297,1440,1147,1457
-1
0,1299,1441,1149,1456
1,2199,2319,1190,1364
2,1497,1564,1069,1267
3,1122,1207,1095,1360
-1
0,1121,1209,1098,1356
1,2200,2318,1191,1363
2,1330,1438,1151,1447
-1
0,1123,1212,1114,1337
1,2200,2318,1192,1362
2,1339,1441,1147,1448
3,1492,1571,1075,1262
-1
0,1123,1214,1098,1322
1,2200,2317,1192,1362
2,1350,1479,1141,1462
3,1495,1577,1070,1259
-1
0,1123,1222,1100,1325
1,2200,2318,1193,1363
2,1348,1486,1149,1462
3,1494,1581,1069,1263
-1
0,2201,2318,1193,1362
1,1126,1223,1103,1321
2,1359,1458,1130,1484
3,1495,1588,1067,1266
-1
0,2202,2318,1193,1363
1,1365,1496,1144,1471
2,1140,1234,1098,1325
-1
0,1145,1233,1096,1327
1,2201,2317,1194,1363
2,1365,1468,1127,1498
3,1517,1605,1058,1259
-1
0,1149,1236,1094,1330
1,2201,2318,1194,1363
2,1367,1497,1144,1486
3,1521,1603,1059,1262
-1
0,1150,1243,1098,1328
1,1365,1508,1145,1482
2,2200,2318,1194,1363
3,1528,1603,1060,1264
-1
0,1156,1248,1097,1329
1,1378,1515,1140,1488
2,2200,2317,1194,1363
3,1535,1604,1063,1263
-1
0,1163,1255,1098,1329
1,1377,1529,1144,1489
2,2201,2318,1194,1363
-1
0,1167,1263,1093,1334
1,2199,2317,1195,1362
2,1379,1538,1137,1496
-1
0,2199,2318,1195,1362
1,1378,1544,1137,1497
2,1172,1272,1093,1332
-1
0,1416,1564,1109,1508
1,2201,2319,1195,1361
2,1563,1628,1064,1258
3,1174,1273,1092,1332
-1
0,1407,1585,1165,1523
1,2201,2319,1196,1361
2,1563,1625,1063,1255
3,1179,1282,1091,1331
-1
0,2200,2319,1196,1361
1,1568,1635,1063,1254
2,1408,1590,1165,1529
3,1182,1290,1091,1331
-1
0,1567,1634,1065,1252
1,1416,1588,1169,1531
2,2201,2320,1195,1360
3,1188,1290,1094,1329
-1
0,1420,1590,1161,1532
1,1569,1636,1062,1254
2,2200,2319,1195,1360
3,1192,1295,1091,1333
-1
0,1421,1598,1160,1535
1,2200,2320,1195,1361
2,1568,1638,1059,1253
3,1193,1297,1097,1328
-1
0,1422,1588,1163,1536
1,2200,2321,1194,1360
2,1569,1642,1058,1258
3,1196,1301,1096,1326
-1
0,1423,1587,1156,1540
1,2198,2320,1194,1362
2,1569,1646,1061,1260
3,1207,1321,1100,1322
-1
0,1415,1594,1159,1541
1,2198,2319,1192,1362
2,1565,1647,1060,1261
3,1205,1323,1098,1323
-1
0,1420,1611,1178,1538
1,2199,2320,1190,1363
2,1569,1653,1066,1256
3,1209,1327,1098,1327
-1
0,2199,2320,1189,1363
1,1430,1621,1178,1532
2,1564,1655,1063,1258
3,1213,1329,1096,1327
-1
0,2199,2320,1187,1364
1,1220,1333,1103,1326
-1
0,1444,1624,1180,1534
-1
0,2198,2319,1186,1364
1,1224,1330,1096,1330
-1
0,1453,1631,1178,1530
-1
0,1459,1642,1192,1525
1,2198,2319,1186,1364
2,1606,1674,1074,1255
3,1229,1330,1099,1329
-1
0,2198,2317,1186,1364
1,1612,1678,1073,1251
2,1469,1649,1198,1525
-1
0,1232,1340,1114,1332
-1
0,1240,1336,1099,1324
1,2198,2316,1186,1363
2,1482,1653,1201,1532
-1
0,2197,2317,1186,1365
1,1620,1685,1070,1255
2,1484,1668,1206,1537
-1
0,1243,1344,1095,1326
-1
0,2198,2317,1186,1365
1,1622,1689,1071,1250
2,1250,1349,1097,1322
3,1493,1676,1211,1534
-1
0,1500,1685,1212,1540
1,1261,1352,1093,1322
2,2198,2318,1185,1365
-1
0,2196,2317,1185,1366
1,1263,1354,1090,1330
2,1624,1694,1069,1254
3,1507,1688,1214,1553
-1
0,1268,1357,1085,1337
1,1629,1704,1070,1249
2,2195,2316,1183,1367
3,1507,1690,1223,1548
-1
0,1627,1709,1073,1253
1,1268,1362,1091,1332
2,2195,2316,1183,1366
3,1514,1700,1222,1552
-1
0,1633,1714,1070,1250
1,1266,1364,1097,1326
2,2195,2315,1184,1367
3,1551,1724,1214,1556
-1
0,1633,1723,1071,1251
1,1267,1367,1098,1325
2,2194,2314,1183,1367
3,1555,1722,1209,1562
-1
0,2193,2313,1184,1367
1,1269,1370,1098,1326
2,1635,1728,1071,1257
3,1563,1721,1208,1559
-1
0,1641,1729,1071,1255
1,1285,1400,1098,1323
2,2193,2312,1184,1367
3,1568,1714,1207,1564
-1
0,2192,2313,1184,1367
1,1284,1404,1095,1325
2,1641,1732,1074,1253
3,1563,1711,1204,1564
-1
0,1644,1733,1073,1254
1,2191,2312,1184,1368
2,1571,1716,1210,1564
3,1287,1401,1095,1325
-1
0,1644,1733,1074,1257
1,2191,2312,1184,1368
2,1576,1723,1211,1563
3,1288,1405,1099,1324
-1
0,1647,1735,1073,1262
1,2192,2313,1184,1368
2,1591,1736,1206,1567
3,1294,1407,1095,1324
-1
0,1592,1753,1211,1568
1,1668,1748,1072,1254
2,2191,2314,1183,1367
3,1291,1409,1095,1328
-1
0,1667,1746,1070,1268
1,2191,2314,1183,1369
2,1612,1766,1212,1573
3,1295,1410,1092,1332
-1
0,1303,1407,1090,1328
1,2192,2316,1182,1368
2,1616,1779,1206,1574
3,1673,1748,1071,1259
-1
0,2192,2317,1182,1369
1,1618,1790,1208,1573
2,1669,1751,1067,1266
3,1304,1412,1093,1324
-1
0,1312,1415,1090,1323
1,2192,2316,1182,1369
2,1623,1804,1215,1569
3,1670,1752,1070,1263
-1
0,1632,1817,1211,1569
1,1671,1760,1071,1266
2,2193,2316,1183,1368
3,1312,1420,1094,1317
-1
0,1636,1824,1209,1571
1,1668,1767,1069,1321
2,2194,2316,1181,1369
3,1318,1426,1092,1314
-1
0,1673,1774,1071,1322
1,2194,2316,1180,1369
2,1638,1820,1198,1573
3,1325,1429,1093,1315
-1
0,1678,1779,1069,1326
1,2193,2316,1180,1370
2,1630,1823,1203,1568
3,1325,1434,1092,1318
-1
0,2193,2316,1180,1371
1,1645,1839,1252,1571
2,1687,1792,1075,1322
3,1333,1433,1091,1313
-1
0,2193,2317,1179,1371
1,1699,1788,1075,1261
2,1330,1434,1098,1314
3,1642,1836,1213,1570
-1
0,1701,1786,1068,1270
1,1327,1436,1094,1313
2,2193,2317,1178,1371
3,1645,1838,1214,1567
-1
0,1658,1852,1256,1571
1,1705,1792,1074,1265
2,1330,1440,1097,1312
3,2193,2316,1179,1371
-1
0,1657,1840,1169,1575
1,1698,1797,1077,1318
2,2194,2315,1179,1370
3,1333,1447,1092,1314
-1
0,1332,1448,1094,1308
1,1710,1798,1073,1269
2,1661,1856,1267,1571
3,2194,2316,1178,1371
-1
0,2194,2314,1179,1369
1,1658,1855,1181,1582
2,1711,1796,1068,1270
3,1336,1448,1094,1312
-1
0,1656,1865,1270,1572
-1
0,1361,1463,1086,1313
1,2193,2315,1179,1369
-1
0,2193,2314,1178,1369
1,1365,1467,1090,1312
2,1655,1866,1268,1575
-1
0,1645,1869,1276,1579
1,2192,2314,1179,1367
2,1369,1470,1086,1309
-1
0,1643,1873,1281,1587
-1
0,1370,1478,1087,1307
1,2192,2315,1179,1369
-1
0,1665,1902,1279,1595
-1
0,1378,1484,1082,1306
1,2192,2316,1179,1369
-1
0,1630,1886,1291,1589
1,1378,1486,1085,1299
2,2193,2316,1179,1368
-1
0,2194,2315,1179,1368
1,1621,1882,1308,1591
-1
0,1384,1489,1085,1299
-1
0,1612,1876,1313,1591
1,2194,2315,1179,1368
2,1397,1494,1084,1298
-1
0,2194,2315,1180,1366
-1
0,1403,1498,1088,1299
1,1610,1883,1323,1599
-1
0,2195,2315,1180,1368
1,1403,1498,1084,1299
2,1766,1857,1080,1311
3,1612,1889,1336,1599
-1
0,2196,2315,1180,1367
1,1405,1496,1085,1299
2,1771,1862,1086,1309
3,1604,1879,1347,1621
-1
0,1773,1866,1086,1301
1,1594,1871,1358,1621
2,2196,2315,1180,1368
3,1409,1498,1083,1300
-1
0,1776,1868,1087,1298
1,1589,1867,1364,1629
2,2196,2314,1180,1368
3,1408,1501,1083,1301
-1
0,2196,2315,1180,1369
1,1587,1863,1375,1632
-1
0,1411,1506,1085,1300
1,1778,1874,1088,1302
-1
0,2194,2314,1180,1369
1,1782,1879,1083,1305
2,1413,1508,1084,1299
3,1576,1859,1391,1633
-1
0,2196,2314,1180,1369
1,1786,1876,1084,1306
2,1416,1507,1087,1298
3,1562,1859,1406,1635
-1
0,1550,1850,1411,1638
1,2196,2314,1180,1368
2,1787,1877,1084,1306
3,1415,1507,1088,1297
-1
0,2196,2315,1180,1368
1,1788,1876,1091,1304
2,1418,1506,1091,1298
3,1538,1845,1423,1643
-1
0,1414,1509,1092,1298
1,1525,1835,1434,1646
2,2196,2313,1181,1366
3,1791,1876,1090,1301
-1
0,1515,1827,1442,1645
1,2197,2315,1180,1367
2,1789,1875,1089,1305
3,1416,1508,1090,1298
-1
0,2196,2315,1180,1368
1,1791,1874,1092,1299
2,1504,1824,1448,1642
-1
0,1502,1827,1466,1652
1,2195,2315,1180,1368
2,1817,1908,1089,1297
-1
0,1487,1820,1470,1653
1,2195,2316,1181,1369
2,1818,1911,1082,1303
-1
0,1469,1827,1480,1659
1,2195,2315,1181,1369
2,1819,1913,1086,1301
-1
0,1480,1834,1503,1655
1,1453,1524,1075,1275
2,2195,2315,1181,1367
-1
0,1823,1916,1089,1298
-1
0,1451,1523,1074,1277
1,1827,1922,1087,1298
2,2194,2315,1181,1368
-1
0,1451,1524,1072,1278
-1
0,1827,1928,1094,1293
1,2194,2315,1181,1368
-1
0,1828,1928,1090,1296
-1
0,1454,1526,1073,1276
1,2194,2315,1181,1369
-1
0,1457,1526,1088,1295
1,2196,2314,1181,1367
-1
0,1831,1937,1097,1293
-1
0,2196,2314,1181,1368
-1
0,1456,1529,1072,1277
-1
0,2196,2314,1181,1368
-1
0,1453,1532,1079,1301
-1
0,2195,2313,1181,1367
-1
0,1453,1537,1071,1279
-1
0,2195,2312,1181,1366
-1
0,1454,1538,1070,1281
-1
0,2195,2313,1181,1366
-1
0,1455,1539,1071,1280
-1
0,2195,2313,1181,1365
-1
0,1456,1538,1066,1284
-1
0,2195,2313,1181,1366
1,1455,1540,1086,1297
-1
0,1456,1541,1088,1295
-1
0,1847,1954,1063,1284
1,2196,2313,1181,1365
-1
0,2196,2313,1182,1365
1,1461,1543,1088,1299
-1
0,1463,1546,1089,1300
1,1858,1949,1098,1286
2,2196,2312,1182,1365
-1
0,2194,2312,1182,1365
1,1880,1976,1086,1293
2,1464,1546,1083,1308
-1
0,1883,1976,1087,1295
1,1465,1549,1082,1308
2,2194,2312,1181,1365
-1
0,2195,2312,1181,1366
1,1880,1995,1070,1271
2,1467,1549,1080,1310
-1
0,2195,2311,1181,1365
1,1470,1547,1085,1310
2,1885,2001,1077,1263
-1
0,2196,2312,1180,1365
1,1889,2000,1069,1267
-1
0,2196,2312,1181,1366
-1
0,2196,2312,1181,1365
-1
0,1898,2003,1070,1264
1,2195,2312,1181,1366
-1
0,1475,1558,1090,1299
-1
0,1899,2002,1069,1263
1,2195,2312,1180,1365
-1
0,1473,1557,1068,1278
-1
0,1901,2004,1069,1269
1,2195,2312,1181,1364
-1
0,1475,1561,1069,1279
-1
0,1907,2010,1069,1266
-1
0,1446,1743,1509,1652
1,1475,1563,1069,1278
2,2195,2313,1181,1365
-1
0,2195,2312,1181,1364
-1
0,1446,1757,1504,1658
1,1477,1568,1072,1275
2,1912,2016,1070,1263
-1
0,1480,1566,1073,1273
1,1907,2014,1071,1264
2,2195,2311,1182,1365
-1
0,1445,1766,1499,1657
-1
0,1442,1772,1494,1656
1,1479,1571,1072,1275
2,1909,2015,1072,1265
3,2195,2311,1182,1366
-1
0,1480,1572,1071,1278
1,2195,2311,1181,1365
2,1444,1771,1493,1653
-1
0,1481,1574,1071,1277
1,2196,2312,1182,1366
2,1454,1767,1492,1653
-1
0,1481,1570,1073,1274
1,2196,2313,1182,1366
2,1459,1762,1488,1652
-1
0,1482,1571,1073,1274
1,2195,2313,1182,1366
2,1462,1769,1479,1659
-1
0,2194,2312,1182,1366
1,1953,2089,1075,1265
2,1483,1570,1072,1273
3,1474,1796,1481,1659
-1
0,1471,1797,1474,1658
1,2194,2313,1182,1366
2,1485,1575,1070,1278
3,1959,2087,1070,1270
-1
0,1486,1795,1468,1658
1,2193,2313,1182,1366
2,1962,2087,1071,1273
3,1488,1572,1072,1272
-1
0,2194,2314,1182,1366
1,1965,2091,1071,1269
2,1485,1574,1073,1271
3,1493,1794,1461,1659
-1
0,1491,1786,1445,1646
1,2196,2314,1183,1366
2,1492,1572,1074,1266
3,1972,2091,1075,1268
-1
0,2196,2313,1183,1365
1,1493,1568,1075,1269
2,1492,1780,1442,1648
-1
0,2196,2313,1184,1366
1,1493,1565,1073,1271
2,1501,1773,1439,1649
-1
0,1978,2096,1064,1281
1,1495,1568,1074,1271
2,1507,1772,1428,1655
3,2196,2313,1184,1366
-1
0,1492,1573,1075,1270
1,1991,2079,1106,1283
2,1508,1784,1421,1653
3,2197,2313,1184,1366
-1
0,1490,1573,1078,1267
1,1992,2082,1104,1284
2,1514,1785,1411,1650
3,2196,2312,1184,1366
-1
0,1514,1789,1405,1649
1,2196,2312,1184,1366
2,1490,1580,1074,1273
-1
0,1514,1785,1403,1648
1,2196,2312,1184,1366
2,1488,1582,1073,1269
-1
0,2195,2312,1184,1365
-1
0,1488,1583,1074,1270
1,1984,2102,1068,1276
2,1511,1783,1402,1643
-1
0,2195,2312,1184,1366
1,1490,1586,1073,1271
2,1990,2100,1075,1267
3,1513,1789,1398,1640
-1
0,2194,2312,1184,1367
1,1490,1589,1072,1273
2,1990,2107,1068,1273
3,1518,1794,1394,1639
-1
0,2195,2313,1184,1367
1,1491,1587,1071,1275
2,1994,2102,1072,1268
3,1521,1796,1389,1641
-1
0,1530,1796,1387,1640
1,2195,2313,1184,1366
2,1491,1587,1070,1278
-1
0,2196,2314,1184,1366
1,1491,1589,1068,1278
2,1537,1795,1379,1638
-1
0,2196,2313,1185,1366
-1
0,1491,1587,1067,1280
1,1538,1797,1377,1636
-1
0,2195,2313,1184,1367
1,2038,2124,1069,1266
2,1539,1801,1377,1635
-1
0,1536,1801,1372,1633
-1
0,2197,2315,1185,1365
1,1509,1612,1060,1277
-1
0,2197,2315,1185,1365
-1
0,1539,1798,1368,1632
-1
0,2197,2315,1185,1364
-1
0,1542,1798,1366,1627
1,1510,1619,1061,1279
-1
0,1554,1797,1364,1621
1,2196,2315,1185,1364
-1
0,1509,1621,1065,1277
-1
0,1551,1797,1355,1619
1,2195,2315,1185,1366
-1
0,1513,1619,1066,1277
-1
0,1556,1791,1338,1595
-1
0,1512,1626,1067,1277
1,2195,2315,1185,1366
-1
0,2194,2316,1185,1366
-1
0,1517,1633,1070,1276
1,1556,1790,1340,1589
-1
0,1559,1789,1335,1585
1,2195,2317,1184,1365
-1
0,1520,1637,1072,1272
-1
0,1567,1789,1327,1581
1,2195,2317,1184,1365
-1
0,1521,1640,1074,1270
-1
0,2197,2316,1184,1365
-1
0,2072,2144,1071,1261
1,1525,1640,1073,1265
2,1577,1796,1310,1581
-1
0,2197,2316,1184,1365
1,1572,1797,1304,1586
-1
0,1529,1642,1074,1262
-1
0,2075,2149,1077,1259
1,1572,1796,1296,1586
2,2197,2316,1184,1364
-1
0,2079,2152,1077,1260
1,1581,1798,1288,1582
2,2196,2316,1185,1366
-1
0,2198,2317,1185,1365
-1
0,2076,2156,1081,1256
1,1578,1799,1280,1585
-1
0,2197,2317,1185,1365
-1
0,2085,2153,1073,1253
1,1582,1804,1269,1585
-1
0,1585,1806,1257,1581
1,1541,1652,1078,1255
2,2198,2318,1185,1366
-1
0,2085,2161,1066,1255
1,1544,1651,1076,1255
2,2198,2319,1185,1365
3,1586,1809,1249,1582
-1
0,1599,1807,1250,1579
-1
0,1544,1653,1079,1255
1,2196,2319,1185,1367
-1
0,2112,2188,1070,1253
1,1549,1650,1076,1254
2,2198,2319,1185,1367
3,1608,1808,1247,1577
-1
0,2197,2319,1185,1367
1,1604,1807,1222,1567
2,2115,2188,1068,1254
-1
0,2198,2320,1186,1367
1,2115,2191,1073,1256
2,1606,1807,1219,1570
-1
0,1609,1808,1216,1572
1,2196,2319,1186,1365
-1
0,2196,2320,1188,1365
1,1609,1807,1215,1570
2,2123,2201,1064,1256
-1
0,2196,2319,1188,1364
1,1610,1811,1211,1572
2,2134,2203,1063,1254
-1
0,2196,2319,1187,1364
1,1610,1805,1212,1572
2,2139,2209,1062,1255
-1
0,2196,2319,1187,1365
1,1612,1803,1210,1571
2,2138,2211,1063,1256
-1
0,2196,2319,1184,1365
1,1603,1804,1204,1570
2,2139,2214,1060,1255
-1
0,2142,2215,1060,1251
1,2195,2319,1184,1366
2,1603,1806,1205,1575
-1
0,2197,2319,1184,1366
1,2138,2218,1061,1252
2,1603,1805,1206,1575
-1
0,2199,2321,1184,1366
1,1600,1811,1200,1576
2,2151,2225,1064,1255
-1
0,2154,2226,1067,1251
1,1606,1683,1077,1249
2,2199,2320,1184,1365
3,1598,1811,1199,1571
-1
0,2154,2228,1068,1250
1,2198,2320,1182,1366
2,1595,1811,1197,1570
-1
0,1613,1690,1080,1247
1,2160,2230,1071,1251
2,2199,2320,1183,1367
3,1594,1806,1197,1571
-1
0,2157,2230,1073,1252
1,2200,2320,1183,1366
2,1614,1695,1077,1256
3,1594,1799,1187,1565
-1
0,2186,2259,1076,1247
1,1614,1694,1079,1240
2,2157,2231,1073,1254
3,2200,2320,1183,1365
4,1590,1802,1193,1572
-1
0,1614,1697,1077,1251
1,2197,2318,1184,1365
2,2189,2257,1076,1245
3,1591,1802,1189,1565
-1
0,1616,1698,1077,1254
1,2197,2319,1183,1363
2,1594,1799,1191,1565
-1
0,2195,2258,1077,1239
1,2196,2317,1181,1366
2,1588,1796,1188,1564
3,1619,1705,1077,1250
-1
0,2198,2259,1076,1242
1,1618,1713,1078,1256
2,2197,2316,1180,1365
3,1588,1794,1188,1558
-1
0,2201,2261,1077,1241
1,1620,1711,1079,1260
2,2194,2317,1178,1367
3,1591,1780,1196,1552
-1
0,2205,2263,1077,1240
1,2196,2317,1186,1364
2,1622,1715,1078,1260
3,1590,1755,1195,1544
-1
0,2208,2268,1075,1243
1,1617,1719,1081,1256
2,2196,2318,1178,1365
3,1587,1749,1197,1544
-1
0,2195,2318,1181,1366
1,1616,1718,1080,1258
2,2209,2271,1076,1240
3,1586,1743,1199,1541
-1
0,2214,2276,1073,1238
1,2194,2319,1180,1366
2,1623,1723,1080,1255
3,1582,1737,1204,1538
-1
0,2198,2317,1185,1363
1,2215,2282,1074,1246
2,1625,1720,1080,1258
3,1582,1734,1204,1536
-1
0,2200,2317,1187,1361
1,2218,2284,1072,1244
2,1626,1723,1080,1255
3,1578,1731,1201,1540
-1
0,1625,1723,1080,1252
1,2197,2316,1186,1362
2,2223,2291,1074,1241
3,1575,1731,1204,1536
-1
0,2198,2318,1184,1363
1,1630,1723,1081,1245
2,1578,1724,1182,1538
3,2227,2299,1075,1245
-1
0,2227,2297,1074,1244
1,1633,1730,1084,1245
2,2198,2320,1185,1364
3,1574,1721,1192,1537
-1
0,1631,1728,1084,1248
1,2199,2318,1183,1364
2,2228,2300,1081,1244
3,1573,1721,1188,1535
-1
0,1633,1730,1085,1245
1,2234,2302,1078,1246
2,2198,2318,1183,1364
3,1572,1716,1189,1537
-1
0,2232,2301,1079,1248
1,2199,2321,1184,1364
2,1663,1751,1082,1250
3,1567,1713,1172,1538
-1
0,2202,2320,1184,1364
1,2235,2305,1081,1250
2,1666,1753,1084,1248
3,1567,1714,1170,1529
-1
0,2233,2307,1078,1256
1,1670,1755,1084,1245
2,2202,2318,1185,1363
3,1562,1712,1172,1525
-1
0,2227,2317,1066,1329
1,1670,1757,1082,1246
2,2204,2318,1189,1361
3,1562,1715,1179,1522
-1
0,1560,1716,1176,1517
1,2264,2342,1078,1313
2,1674,1761,1084,1247
3,2237,2309,1081,1256
4,2203,2314,1188,1361
-1
0,2267,2343,1079,1307
1,1533,1693,1177,1501
2,1678,1764,1081,1256
3,2235,2313,1080,1256
4,2200,2314,1188,1362
-1
0,2267,2343,1078,1305
1,1678,1769,1086,1256
2,1532,1684,1146,1489
3,2199,2313,1185,1363
-1
0,1680,1777,1085,1257
1,1524,1681,1185,1490
2,2270,2345,1079,1303
3,2197,2313,1184,1364
-1
0,1528,1677,1156,1481
1,1689,1778,1087,1252
2,2263,2339,1075,1269
3,2194,2312,1182,1366
-1
0,1528,1677,1158,1471
1,1695,1784,1086,1257
2,2264,2342,1074,1271
3,2195,2313,1182,1366
-1
0,2266,2346,1074,1270
1,1527,1673,1154,1466
2,1697,1787,1086,1259
3,2195,2315,1182,1367
-1
0,1697,1788,1088,1254
1,1519,1670,1154,1464
2,2274,2353,1075,1306
3,2197,2315,1182,1367
-1
0,1511,1670,1146,1456
1,2277,2356,1076,1304
2,2197,2316,1183,1366
3,1699,1785,1092,1244
-1
0,1700,1788,1091,1242
1,1509,1671,1154,1452
2,2275,2358,1075,1309
3,2197,2319,1184,1368
-1
0,1505,1666,1160,1446
1,2279,2363,1069,1311
2,2195,2318,1183,1369
-1
0,1504,1663,1157,1441
1,2283,2362,1078,1307
2,2197,2318,1184,1368
-1
0,2287,2363,1080,1307
-1
0,1498,1659,1162,1440
1,2199,2320,1186,1365
-1
0,1498,1654,1154,1443
1,2199,2319,1186,1364
2,2288,2365,1071,1314
-1
0,1496,1657,1154,1446
1,2199,2319,1186,1363
2,2289,2368,1077,1310
-1
0,2199,2321,1188,1363
1,1498,1649,1149,1446
2,1750,1846,1105,1299
3,2298,2373,1073,1316
-1
0,2300,2377,1077,1317
-1
0,1496,1648,1151,1444
1,1752,1841,1100,1302
2,2199,2317,1189,1361
-1
0,1492,1637,1138,1446
1,1756,1844,1096,1305
2,2199,2318,1189,1360
3,2298,2374,1070,1324
-1
0,2296,2377,1075,1318
-1
0,2199,2321,1188,1362
1,1761,1850,1099,1302
2,1486,1633,1132,1452
-1
0,1759,1856,1097,1302
-1
0,1482,1632,1134,1455
1,2199,2322,1188,1361
2,2299,2378,1078,1314
-1
0,2199,2320,1188,1361
1,1769,1867,1097,1305
2,1482,1629,1137,1452
3,2305,2383,1082,1315
-1
0,2199,2319,1188,1361
1,1771,1877,1099,1302
2,1471,1622,1123,1451
3,2307,2385,1080,1316
-1
0,1471,1630,1122,1442
-1
0,1778,1876,1098,1304
1,2198,2317,1190,1362
2,2308,2390,1081,1319
-1
0,2198,2318,1190,1362
1,1781,1879,1095,1310
2,1817,1914,1097,1302
3,2308,2395,1081,1321
4,1464,1621,1129,1433
-1
0,2310,2397,1085,1320
-1
0,2198,2317,1190,1361
1,1460,1606,1126,1428
2,1783,1876,1098,1303
-1
0,2309,2403,1083,1327
-1
0,2197,2316,1189,1361
1,1456,1604,1115,1428
2,1786,1871,1102,1304
-1
0,2309,2404,1090,1324
1,2198,2314,1190,1359
2,1462,1585,1126,1413
3,1787,1874,1100,1304
-1
0,2199,2315,1190,1357
1,1442,1583,1110,1428
2,1787,1875,1100,1304
3,2308,2405,1089,1325
-1
0,2199,2315,1191,1357
1,1452,1572,1127,1402
2,1785,1879,1099,1302
3,2306,2407,1090,1327
-1
0,2199,2314,1192,1360
1,1438,1582,1114,1423
2,1784,1878,1104,1300
3,2311,2405,1090,1330
-1
0,2198,2313,1191,1361
1,1434,1578,1108,1428
2,1815,1910,1101,1300
3,2312,2425,1091,1334
-1
0,2199,2314,1191,1361
1,1428,1574,1108,1425
2,1819,1911,1101,1297
3,2315,2424,1093,1333
-1
0,2197,2313,1190,1360
1,1429,1573,1108,1423
2,1821,1914,1097,1300
3,2323,2425,1102,1346
-1
0,1827,1921,1094,1302
1,2196,2312,1192,1360
2,1426,1563,1107,1426
3,2328,2423,1105,1344
-1
0,2197,2313,1192,1361
1,1432,1562,1101,1395
2,1828,1922,1100,1303
3,2328,2427,1106,1343
-1
0,2198,2312,1191,1361
1,1833,1925,1101,1301
2,1429,1566,1103,1391
3,2327,2426,1104,1345
-1
0,2332,2427,1104,1348
-1
0,1836,1928,1109,1296
1,1419,1567,1119,1414
2,2197,2311,1192,1361
-1
0,1841,1935,1105,1298
1,1426,1508,1120,1375
2,2333,2430,1107,1346
-1
0,2197,2310,1192,1360
-1
0,2197,2310,1192,1360
1,2334,2434,1110,1349
-1
0,2198,2311,1192,1359
1,2338,2429,1106,1355
-1
0,2197,2309,1192,1359
-1
0,1848,1946,1103,1296
1,2340,2430,1101,1363
-1
0,1845,1948,1102,1297
1,2339,2432,1105,1370
-1
0,2197,2310,1191,1360
-1
0,2338,2437,1102,1383
1,2196,2310,1191,1359
-1
0,2335,2440,1111,1372
1,2195,2308,1191,1359
-1
0,2335,2445,1116,1370
-1
0,2195,2308,1192,1360
-1
0,2196,2307,1192,1360
1,2336,2449,1113,1376
-1
0,2196,2307,1191,1360
1,2338,2450,1111,1383
-1
0,2338,2453,1106,1389
1,2195,2308,1192,1362
-1
0,2195,2307,1191,1362
1,2339,2455,1104,1393
-1
0,2195,2308,1191,1365
1,2337,2455,1109,1387
-1
0,2336,2455,1116,1380
1,2195,2309,1190,1364
-1
0,2194,2306,1190,1364
1,1919,2004,1091,1301
2,2338,2452,1111,1388
-1
0,2195,2307,1190,1363
1,1918,2003,1091,1303
2,2339,2451,1108,1390
-1
0,2194,2308,1190,1362
1,1919,2005,1089,1303
2,2342,2449,1127,1394
-1
0,2340,2446,1129,1395
1,2194,2306,1190,1362
-1
0,2337,2446,1129,1394
1,2195,2307,1190,1361
-1
0,2335,2451,1129,1397
1,2195,2307,1189,1361
-1
0,2336,2450,1128,1401
1,2196,2308,1189,1362
-1
0,2195,2306,1190,1363
1,2321,2459,1122,1435
-1
0,2195,2304,1189,1362
1,2324,2453,1124,1457
-1
0,1374,1471,1060,1347
1,2327,2452,1124,1466
2,2196,2306,1190,1360
-1
0,1373,1470,1058,1352
1,2197,2307,1191,1360
2,2327,2453,1123,1460
-1
0,1372,1471,1054,1358
1,2196,2307,1191,1362
2,2327,2453,1128,1461
-1
0,1372,1469,1057,1358
1,2197,2307,1190,1361
2,2326,2450,1130,1463
-1
0,1371,1469,1055,1358
1,2197,2306,1190,1362
2,2324,2449,1133,1466
-1
0,1371,1466,1048,1368
1,2197,2306,1191,1361
2,2322,2447,1134,1469
-1
0,2318,2444,1136,1473
1,1372,1466,1046,1370
2,2197,2307,1188,1363
-1
0,2198,2305,1188,1361
1,1982,2075,1106,1290
2,2313,2443,1140,1473
-1
0,2200,2305,1189,1360
1,1323,1468,1078,1361
2,2310,2443,1141,1474
-1
0,2201,2304,1189,1358
1,1321,1462,1077,1361
2,2308,2443,1142,1472
-1
0,2306,2442,1143,1473
1,2201,2304,1190,1357
2,1985,2089,1085,1242
3,1323,1465,1077,1362
-1
0,2202,2303,1191,1358
1,1320,1465,1081,1360
2,2304,2442,1145,1475
-1
0,2294,2406,1167,1451
-1
0,2202,2302,1191,1358
1,1317,1468,1086,1357
-1
0,2201,2300,1189,1363
1,2282,2403,1169,1446
-1
0,2200,2298,1189,1359
1,1374,1455,1058,1355
2,2271,2401,1162,1465
-1
0,2198,2290,1190,1357
1,1318,1467,1084,1360
2,2240,2420,1161,1469
-1
0,2196,2289,1189,1353
1,2234,2425,1166,1464
-1
0,2196,2289,1189,1350
1,1312,1462,1085,1361
2,2223,2422,1161,1471
-1
0,2216,2422,1161,1475
-1
0,1370,1459,1071,1347
-1
0,1369,1462,1076,1342
1,2206,2421,1160,1478
-1
0,1372,1460,1077,1341
1,2198,2424,1195,1477
-1
0,1372,1460,1074,1342
1,2198,2415,1198,1479
-1
0,1371,1460,1079,1337
1,2194,2406,1200,1480
-1
0,2186,2396,1200,1484
-1
0,1373,1463,1077,1341
1,2185,2378,1196,1491
-1
0,1373,1466,1075,1346
1,2182,2351,1199,1493
-1
0,1361,1462,1108,1343
1,2177,2342,1192,1497
-1
0,1363,1462,1109,1344
1,2176,2325,1189,1494
-1
0,1362,1462,1110,1342
1,2082,2157,1081,1264
2,2168,2316,1181,1495
-1
0,2167,2305,1180,1517
-1
0,1362,1464,1109,1341
-1
0,1362,1467,1108,1344
1,2158,2295,1182,1519
-1
0,2155,2292,1192,1520
-1
0,1361,1469,1109,1344
-1
0,2124,2283,1197,1514
-1
0,1362,1473,1107,1347
-1
0,1365,1474,1105,1355
1,2117,2277,1200,1510
-1
0,1368,1475,1098,1360
1,2103,2269,1206,1507
-1
0,1369,1477,1105,1362
1,2096,2262,1210,1506
-1
0,2210,2317,1194,1350
-1
0,1370,1481,1105,1360
-1
0,2206,2318,1196,1352
1,2070,2264,1212,1511
-1
0,2064,2266,1216,1513
1,2199,2317,1193,1354
2,1380,1485,1099,1368
-1
0,2196,2314,1190,1359
-1
0,1381,1487,1091,1374
1,2066,2244,1230,1511
-1
0,2200,2317,1190,1362
1,2064,2245,1226,1512
-1
0,1348,1508,1107,1370
-1
0,2066,2244,1229,1512
-1
0,2199,2316,1191,1359
-1
0,2063,2247,1223,1513
-1
0,2200,2315,1193,1358
-1
0,2198,2313,1192,1357
1,2060,2243,1216,1513
-1
0,2142,2215,1079,1242
-1
0,2199,2314,1193,1357
-1
0,2143,2217,1078,1244
1,2055,2247,1216,1515
-1
0,2061,2242,1219,1513
1,2200,2313,1193,1356
2,2149,2217,1079,1247
-1
0,2204,2316,1193,1357
-1
0,2068,2243,1212,1513
-1
0,2204,2318,1194,1356
1,2152,2228,1079,1243
2,2070,2243,1212,1516
-1
0,1412,1511,1109,1368
-1
0,2204,2317,1196,1356
1,2157,2232,1083,1243
2,2071,2252,1207,1515
-1
0,1421,1516,1115,1362
-1
0,2088,2261,1203,1515
-1
0,1414,1569,1108,1370
1,2205,2319,1196,1354
-1
0,2092,2263,1197,1515
-1
0,1417,1568,1111,1369
1,2212,2320,1195,1354
-1
0,1422,1572,1111,1370
1,2099,2265,1193,1516
-1
0,2107,2267,1193,1517
-1
0,1424,1576,1113,1368
-1
0,2115,2271,1191,1511
-1
0,1425,1575,1109,1377
-1
0,2120,2271,1191,1511
-1
0,1431,1579,1109,1379
-1
0,2120,2280,1180,1514
1,2198,2273,1076,1329
2,1437,1577,1107,1386
-1
0,2145,2301,1173,1522
1,2191,2282,1082,1311
2,1443,1580,1100,1390
-1
0,2150,2302,1154,1534
1,1447,1585,1102,1391
-1
0,1451,1587,1097,1395
1,2157,2301,1165,1531
-1
0,1458,1592,1089,1403
1,2202,2278,1089,1242
2,2166,2306,1176,1519
-1
0,1457,1595,1091,1401
-1
0,2167,2307,1171,1515
-1
0,1462,1598,1094,1399
1,2174,2309,1175,1509
-1
0,1456,1598,1104,1427
1,2219,2288,1084,1242
2,2175,2310,1136,1496
-1
0,2224,2297,1086,1237
1,1458,1602,1109,1431
2,2178,2318,1141,1486
-1
0,2222,2296,1089,1241
1,1479,1594,1138,1384
2,2183,2352,1196,1486
-1
0,1470,1613,1112,1429
1,2225,2298,1087,1242
2,2188,2367,1199,1485
-1
0,2229,2300,1085,1241
1,1479,1618,1111,1430
2,2193,2379,1194,1489
-1
0,1476,1619,1110,1429
1,2232,2301,1087,1243
2,2198,2393,1198,1483
-1
0,1485,1623,1113,1430
1,2234,2306,1090,1242
2,2209,2398,1203,1480
-1
0,2234,2305,1087,1239
1,1491,1632,1115,1424
2,2213,2404,1202,1478
-1
0,1508,1618,1129,1408
1,2234,2309,1087,1239
2,2219,2401,1201,1476
-1
0,1512,1626,1123,1407
1,2232,2308,1086,1239
2,2226,2388,1140,1477
-1
0,2230,2304,1085,1237
1,1518,1627,1116,1418
2,2233,2403,1131,1476
-1
0,2229,2309,1086,1237
1,1521,1635,1116,1426
2,2239,2409,1136,1475
-1
0,1530,1640,1124,1426
1,2240,2411,1127,1482
-1
0,2228,2303,1084,1237
1,1533,1647,1129,1412
2,2241,2418,1131,1477
-1
