-1
0,2379,2582,327
-1
0,2379,2583,327
-1
0,2377,2584,328
-1
0,2378,2585,330
-1
0,2376,2586,333
-1
0,2379,2586,333
-1
0,2381,2585,335
-1
0,2383,2582,335
-1
0,2384,2582,335
-1
0,2384,2583,335
-1
0,2384,2585,338
-1
0,2386,2584,338
-1
0,2383,2583,337
-1
0,2384,2584,339
-1
0,2384,2583,335
-1
0,2384,2584,339
-1
0,2382,2583,341
-1
0,2383,2582,338
-1
0,2384,2581,341
-1
0,2385,2580,341
-1
0,2387,2580,341
-1
0,2384,2579,341
-1
0,2379,2578,343
-1
0,2376,2578,343
-1
0,2378,2577,339
-1
0,2377,2577,336
-1
0,2383,2577,332
-1
0,2383,2578,330
-1
0,2386,2576,336
-1
0,2387,2576,340
-1
0,2388,2578,343
-1
0,2389,2579,343
-1
0,2392,2582,347
-1
0,2391,2577,344
-1
0,2384,2576,341
-1
0,2382,2574,340
-1
0,2382,2571,336
-1
0,2381,2570,336
-1
0,2381,2568,333
-1
0,2379,2570,335
-1
0,2380,2567,336
-1
0,2380,2567,340
-1
0,2382,2564,340
-1
0,2381,2564,338
-1
0,2385,2561,336
-1
0,2388,2558,336
-1
0,2389,2558,337
-1
0,2391,2558,336
-1
0,2395,2556,332
-1
0,2395,2556,330
-1
0,2390,2557,331
-1
0,2387,2556,332
-1
0,2386,2556,334
-1
0,2384,2558,333
-1
0,2380,2559,333
-1
0,2381,2560,332
-1
0,2377,2560,334
-1
0,2370,2565,333
-1
0,2369,2566,331
-1
0,2368,2561,325
-1
0,2370,2560,326
-1
0,2367,2567,332
-1
0,2364,2571,332
-1
0,2363,2566,331
-1
0,2362,2565,333
-1
0,2363,2564,331
-1
0,2363,2564,333
-1
0,2364,2565,332
-1
0,2365,2565,332
-1
0,2369,2564,331
-1
0,2373,2563,329
-1
0,2374,2561,329
-1
0,2375,2562,329
-1
0,2375,2562,332
-1
0,2376,2562,332
-1
0,2376,2563,333
-1
0,2377,2564,333
-1
0,2376,2563,331
-1
0,2377,2563,331
-1
0,2379,2564,330
-1
0,2378,2565,328
-1
0,2376,2565,329
-1
0,2377,2563,330
-1
0,2375,2565,328
-1
0,2378,2566,329
-1
0,2371,2567,331
-1
0,2368,2567,331
-1
0,2369,2567,330
-1
0,2367,2571,333
-1
0,2368,2571,338
-1
0,2367,2567,344
-1
0,2365,2568,346
-1
0,2361,2569,345
-1
0,2354,2572,340
-1
0,2356,2573,343
-1
0,2352,2570,336
-1
0,2357,2561,343
-1
0,2355,2565,341
-1
0,2353,2567,339
-1
0,2349,2566,344
-1
0,2348,2568,345
-1
0,2345,2555,343
-1
0,2346,2563,346
-1
0,2342,2557,346
-1
0,2339,2560,345
-1
0,2332,2549,350
-1
0,2325,2551,352
-1
0,2316,2547,340
-1
0,2295,2544,386
-1
0,2293,2538,388
-1
0,2292,2536,389
-1
0,2279,2528,376
-1
0,2280,2516,380
-1
0,2282,2509,390
-1
0,2275,2512,374
-1
0,2255,2449,368
-1
0,2260,2445,375
-1
0,2257,2437,353
-1
0,2255,2432,344
-1
0,2250,2429,340
-1
0,2246,2424,334
-1
0,2246,2415,329
-1
0,2238,2418,326
-1
0,2234,2410,330
-1
0,2229,2412,334
-1
0,2220,2413,336
-1
0,2218,2403,338
-1
0,2216,2407,342
-1
0,2205,2409,354
-1
0,2199,2405,352
-1
0,2188,2401,343
-1
0,2183,2392,326
-1
0,2182,2384,312
-1
0,2179,2377,303
-1
0,2169,2354,302
-1
0,2165,2344,296
-1
0,2160,2325,296
-1
0,2157,2320,302
-1
0,2161,2316,311
-1
0,2157,2313,315
-1
0,2156,2306,324
-1
0,2155,2305,329
-1
0,2149,2310,333
-1
0,2141,2275,324
-1
0,2142,2275,327
-1
0,2138,2277,329
-1
0,2142,2270,338
-1
0,2137,2225,291
-1
0,2133,2234,284
-1
0,2074,2204,435
-1
0,2077,2173,220
-1
0,2074,2147,208
-1
0,2071,2149,209
-1
0,2072,2150,206
-1
0,2068,2149,204
-1
0,2054,2132,193
-1
0,2053,2140,204
-1
0,2053,2143,208
-1
0,2057,2142,198
-1
0,2056,2140,197
-1
0,2051,2143,208
-1
0,2055,2142,194
-1
0,2062,2150,192
-1
0,2066,2162,199
-1
0,2065,2160,209
-1
0,2067,2159,212
-1
0,2069,2160,217
-1
0,2068,2161,216
-1
0,2069,2158,206
-1
0,2068,2162,212
-1
0,2069,2161,215
-1
0,2070,2166,217
-1
0,2073,2165,218
-1
0,2075,2164,214
-1
0,2071,2166,208
-1
0,2070,2168,213
-1
0,2071,2169,214
-1
0,2069,2171,213
-1
0,2067,2174,215
-1
0,2063,2176,220
-1
0,2064,2179,224
-1
0,2067,2178,233
-1
0,2070,2176,232
-1
0,2073,2173,230
-1
0,2076,2177,228
-1
0,2082,2171,224
-1
0,2106,2211,232
-1
0,2104,2216,232
-1
0,2108,2218,240
-1
0,2109,2218,273
-1
0,2114,2243,318
-1
0,2117,2246,330
-1
0,2112,2244,323
-1
0,2115,2249,335
-1
0,2115,2250,321
-1
0,2124,2251,319
-1
0,2124,2254,311
-1
0,2120,2254,309
-1
0,2118,2255,303
-1
0,2127,2243,289
-1
0,2121,2263,294
-1
0,2122,2267,295
-1
0,2128,2274,286
-1
0,2128,2283,291
-1
0,2125,2293,288
-1
0,2147,2308,299
-1
0,2150,2314,301
-1
0,2151,2323,313
-1
0,2158,2330,308
-1
0,2163,2337,316
-1
0,2170,2337,315
-1
0,2176,2353,314
-1
0,2175,2354,317
-1
0,2182,2360,314
-1
0,2187,2371,312
-1
0,2189,2373,314
-1
0,2195,2379,319
-1
0,2187,2379,329
-1
0,2198,2388,346
-1
0,2201,2402,355
-1
0,2208,2398,354
-1
0,2217,2400,345
-1
0,2223,2396,339
-1
0,2229,2401,340
-1
0,2230,2400,332
-1
0,2230,2402,329
-1
0,2236,2408,330
-1
0,2244,2410,318
-1
0,2246,2421,330
-1
0,2247,2424,330
-1
0,2255,2434,354
-1
0,2246,2451,367
-1
0,2242,2452,360
-1
0,2242,2446,364
-1
0,2244,2448,361
-1
0,2241,2454,352
-1
0,2242,2453,347
-1
0,2275,2495,357
-1
0,2279,2507,333
-1
0,2278,2523,332
-1
0,2291,2535,345
-1
0,2298,2525,351
-1
0,2306,2529,346
-1
0,2309,2535,339
-1
0,2321,2538,339
-1
0,2327,2535,339
-1
0,2329,2548,340
-1
0,2336,2545,335
-1
0,2338,2551,334
-1
0,2339,2548,340
-1
0,2339,2556,344
-1
0,2343,2562,344
-1
0,2348,2567,343
-1
0,2349,2571,343
-1
0,2353,2578,342
-1
0,2357,2578,341
-1
0,2358,2580,340
-1
0,2364,2583,336
-1
0,2363,2591,338
-1
0,2364,2591,336
-1
0,2364,2586,328
-1
0,2364,2589,327
-1
0,2364,2592,321
-1
0,2361,2596,324
-1
0,2362,2593,323
-1
0,2360,2590,326
-1
0,2358,2588,331
-1
0,2356,2588,336
-1
0,2356,2584,338
-1
0,2353,2575,334
-1
0,2350,2579,344
-1
0,2349,2576,338
-1
0,2342,2568,337
-1
0,2339,2568,338
-1
0,2332,2568,343
-1
0,2328,2572,347
-1
0,2320,2575,349
-1
0,2319,2578,347
-1
0,2314,2588,347
-1
0,2313,2596,345
-1
0,2311,2597,345
-1
0,2313,2602,341
-1
0,2320,2598,337
-1
0,2322,2604,337
-1
0,2325,2604,341
-1
0,2327,2604,340
-1
0,2331,2605,336
-1
0,2337,2600,336
-1
0,2345,2598,322
-1
0,2351,2601,315
-1
0,2351,2598,325
-1
0,2355,2596,317
-1
0,2363,2598,326
-1
0,2358,2595,322
-1
0,2357,2591,316
-1
0,2354,2579,333
-1
0,2357,2577,339
-1
0,2357,2579,337
-1
0,2362,2580,338
-1
0,2361,2583,341
-1
0,2361,2584,336
-1
0,2366,2583,336
-1
0,2362,2590,338
-1
0,2365,2586,330
-1
0,2363,2586,329
-1
0,2360,2585,328
-1
0,2356,2590,331
-1
0,2356,2585,337
-1
0,2351,2579,338
-1
0,2344,2581,340
-1
0,2340,2577,342
-1
0,2338,2573,338
-1
0,2338,2567,340
-1
0,2341,2567,339
-1
0,2343,2566,336
-1
0,2339,2563,336
-1
0,2335,2562,333
-1
0,2332,2566,331
-1
0,2334,2562,328
-1
0,2332,2559,331
-1
0,2330,2563,332
-1
0,2330,2557,334
-1
0,2330,2561,330
-1
0,2329,2561,333
-1
0,2331,2559,338
-1
0,2330,2557,339
-1
0,2328,2553,335
-1
0,2329,2553,334
-1
0,2329,2559,334
-1
0,2329,2557,337
-1
0,2334,2560,335
-1
0,2334,2567,334
-1
0,2332,2570,335
-1
0,2333,2573,340
-1
0,2332,2576,341
-1
0,2332,2581,341
-1
0,2333,2576,340
-1
0,2333,2581,339
-1
0,2338,2580,341
-1
0,2337,2593,342
-1
0,2340,2597,343
-1
0,2338,2599,338
-1
0,2339,2600,335
-1
0,2340,2601,335
-1
0,2342,2600,337
-1
0,2342,2593,337
-1
0,2344,2592,335
-1
0,2345,2593,334
-1
0,2348,2592,335
-1
0,2352,2589,328
-1
0,2354,2587,325
-1
0,2358,2584,324
-1
0,2359,2582,325
-1
0,2358,2581,323
-1
0,2354,2586,329
-1
0,2356,2586,329
-1
0,2358,2581,331
-1
0,2363,2584,337
-1
0,2364,2582,334
-1
0,2365,2580,336
-1
0,2372,2577,332
-1
0,2372,2575,333
-1
0,2372,2569,334
-1
0,2370,2563,330
-1
0,2371,2567,332
-1
0,2374,2564,333
-1
0,2374,2563,334
-1
0,2368,2565,334
-1
0,2364,2569,338
-1
0,2359,2572,338
-1
0,2355,2572,341
-1
0,2362,2573,341
-1
0,2362,2569,341
-1
0,2367,2566,341
-1
0,2367,2565,340
-1
0,2365,2568,338
-1
0,2368,2566,337
-1
0,2364,2566,340
-1
0,2360,2565,341
-1
0,2353,2566,346
-1
0,2350,2567,346
-1
0,2351,2568,344
-1
0,2349,2571,347
-1
0,2349,2568,347
-1
0,2347,2572,350
-1
0,2344,2576,356
-1
0,2342,2585,357
-1
0,2343,2584,361
-1
0,2339,2592,360
-1
0,2337,2592,360
-1
0,2335,2599,356
-1
0,2338,2599,349
-1
0,2335,2594,353
-1
0,2333,2590,354
-1
0,2333,2586,356
-1
0,2330,2583,353
-1
0,2334,2579,355
-1
0,2332,2575,353
-1
0,2327,2568,358
-1
0,2326,2570,361
-1
0,2323,2567,362
-1
0,2325,2568,364
-1
0,2326,2559,364
-1
0,2323,2556,361
-1
0,2322,2558,357
-1
0,2322,2554,357
-1
0,2324,2550,359
-1
0,2324,2550,360
-1
0,2324,2548,361
-1
0,2322,2543,358
-1
0,2321,2539,356
-1
0,2320,2539,357
-1
0,2324,2539,360
-1
0,2326,2534,359
-1
0,2327,2529,354
-1
0,2320,2528,353
-1
0,2321,2528,353
-1
0,2320,2521,347
-1
0,2314,2513,349
-1
0,2308,2518,346
-1
0,2304,2520,343
-1
0,2299,2518,343
-1
0,2299,2518,342
-1
0,2296,2520,345
-1
0,2280,2524,350
-1
0,2278,2523,354
-1
0,2277,2520,363
-1
0,2276,2517,372
-1
0,2274,2517,378
-1
0,2266,2521,386
-1
0,2269,2515,383
-1
0,2264,2513,400
-1
0,2268,2503,390
-1
0,2268,2503,390
-1
0,2249,2453,370
-1
0,2252,2443,366
-1
0,2254,2440,366
-1
0,2253,2438,369
-1
0,2255,2428,357
-1
0,2251,2432,348
-1
0,2244,2434,341
-1
0,2249,2413,334
-1
0,2244,2396,319
-1
0,2243,2392,325
-1
0,2240,2388,322
-1
0,2230,2394,319
-1
0,2222,2401,327
-1
0,2217,2405,327
-1
0,2211,2405,329
-1
0,2215,2402,332
-1
0,2203,2396,344
-1
0,2195,2392,349
-1
0,2194,2392,344
-1
0,2188,2395,338
-1
0,2182,2386,331
-1
0,2178,2385,323
-1
0,2179,2369,311
-1
0,2178,2354,307
-1
0,2181,2346,309
-1
0,2179,2341,311
-1
0,2174,2331,303
-1
0,2170,2326,305
-1
0,2172,2317,308
-1
0,2171,2319,306
-1
0,2173,2317,305
-1
0,2176,2312,307
-1
0,2175,2314,306
-1
0,2177,2312,310
-1
0,2176,2310,311
-1
0,2175,2314,301
-1
0,2175,2316,298
-1
0,2172,2316,301
-1
0,2171,2313,298
-1
0,2173,2310,305
-1
0,2171,2309,306
-1
0,2170,2310,309
-1
0,2168,2309,308
-1
0,2168,2310,309
-1
0,2171,2312,307
-1
0,2172,2312,311
-1
0,2174,2313,315
-1
0,2173,2314,313
-1
0,2173,2314,305
-1
0,2175,2313,309
-1
0,2174,2312,309
-1
0,2172,2311,310
-1
0,2171,2308,310
-1
0,2171,2307,311
-1
0,2170,2305,312
-1
0,2172,2302,315
-1
0,2171,2304,321
-1
0,2166,2303,323
-1
0,2167,2307,326
-1
0,2163,2308,323
-1
0,2162,2303,328
-1
0,2135,2278,326
-1
0,2136,2277,322
-1
0,2133,2276,314
-1
0,2132,2277,303
-1
0,2131,2278,305
-1
0,2130,2277,306
-1
0,2128,2281,304
-1
0,2130,2279,307
-1
0,2126,2280,307
-1
0,2120,2280,305
-1
0,2118,2283,306
-1
0,2118,2280,308
-1
0,2117,2282,310
-1
0,2119,2281,311
-1
0,2118,2283,312
-1
0,2119,2284,310
-1
0,2121,2282,306
-1
0,2121,2284,312
-1
0,2125,2282,308
-1
0,2124,2282,307
-1
0,2123,2284,312
-1
0,2126,2282,317
-1
0,2126,2279,315
-1
0,2126,2277,315
-1
0,2126,2277,318
-1
0,2130,2277,315
-1
0,2128,2279,314
-1
0,2127,2283,313
-1
0,2126,2286,318
-1
0,2126,2287,321
-1
0,2149,2319,331
-1
0,2152,2320,332
-1
0,2155,2322,331
-1
0,2155,2332,328
-1
0,2154,2335,321
-1
0,2157,2321,312
-1
0,2162,2330,327
-1
0,2165,2330,325
-1
0,2164,2327,325
-1
0,2167,2330,317
-1
0,2169,2346,319
-1
0,2170,2342,308
-1
0,2172,2335,305
-1
0,2172,2339,300
-1
0,2172,2336,308
-1
0,2174,2344,304
-1
0,2177,2355,299
-1
0,2179,2351,296
-1
0,2179,2349,302
-1
0,2176,2351,292
-1
0,2173,2348,289
-1
0,2174,2353,287
-1
0,2176,2351,294
-1
0,2173,2349,285
-1
0,2173,2350,284
-1
0,2174,2353,287
-1
0,2175,2353,289
-1
0,2173,2349,290
-1
0,2171,2351,293
-1
0,2174,2348,298
-1
0,2179,2344,302
-1
0,2181,2348,302
-1
0,2182,2343,304
-1
0,2189,2346,307
-1
0,2188,2345,306
-1
0,2191,2345,308
-1
0,2193,2345,307
-1
0,2192,2343,310
-1
0,2193,2344,311
-1
0,2193,2345,314
-1
0,2191,2347,315
-1
0,2193,2345,315
-1
0,2192,2341,315
-1
0,2192,2341,314
-1
0,2191,2344,312
-1
0,2191,2346,308
-1
0,2185,2344,301
-1
0,2184,2341,298
-1
0,2181,2334,296
-1
0,2179,2332,297
-1
0,2177,2332,297
-1
0,2174,2331,292
-1
0,2176,2333,299
-1
0,2177,2329,301
-1
0,2176,2331,295
-1
0,2175,2330,294
-1
0,2176,2330,292
-1
0,2175,2330,289
-1
0,2177,2327,292
-1
0,2179,2325,293
-1
0,2180,2319,291
-1
0,2182,2318,294
-1
0,2183,2316,296
-1
0,2185,2318,299
-1
0,2183,2322,296
-1
0,2182,2322,297
-1
0,2181,2322,296
-1
0,2180,2331,294
-1
0,2180,2331,294
-1
0,2181,2333,293
-1
0,2184,2336,295
-1
0,2184,2336,297
-1
0,2181,2330,297
-1
0,2183,2328,300
-1
0,2184,2327,299
-1
0,2181,2329,296
-1
0,2165,2320,315
-1
0,2163,2318,309
-1
0,2162,2315,311
-1
0,2163,2315,314
-1
0,2162,2313,318
-1
0,2159,2315,311
-1
0,2155,2314,308
-1
0,2067,2206,425
-1
0,2069,2196,429
-1
0,2070,2197,430
-1
0,2072,2196,427
-1
0,2070,2194,427
-1
0,2067,2193,431
-1
0,2065,2193,437
-1
0,2066,2192,436
-1
0,2071,2192,429
-1
0,2072,2190,417
-1
0,2071,2190,413
-1
0,2073,2194,408
-1
0,2070,2191,400
-1
0,2066,2186,398
-1
0,2064,2186,397
-1
0,2060,2189,398
-1
0,2059,2190,391
-1
0,2063,2193,387
-1
0,2072,2198,386
-1
0,2071,2198,382
-1
0,2069,2200,381
-1
0,2069,2199,382
-1
0,2073,2202,386
-1
0,2072,2201,379
-1
0,2077,2206,367
-1
0,2084,2212,364
-1
0,2122,2225,238
-1
0,2120,2226,240
-1
0,2121,2219,239
-1
0,2122,2217,238
-1
0,2119,2213,238
-1
0,2112,2215,237
-1
0,2115,2215,238
-1
0,2114,2212,242
-1
0,2116,2213,240
-1
0,2115,2212,243
-1
0,2115,2212,244
-1
0,2113,2214,246
-1
0,2111,2216,245
-1
0,2110,2218,249
-1
0,2109,2217,246
-1
0,2108,2217,244
-1
0,2107,2216,247
-1
0,2106,2215,247
-1
0,2105,2218,247
-1
0,2106,2220,251
-1
0,2104,2221,247
-1
0,2106,2219,251
-1
0,2107,2219,255
-1
0,2108,2222,253
-1
0,2110,2222,245
-1
0,2111,2221,241
-1
0,2110,2219,244
-1
0,2113,2218,245
-1
0,2115,2220,249
-1
0,2116,2220,249
-1
0,2118,2215,253
-1
0,2092,2214,397
-1
0,2061,2181,403
-1
0,2059,2182,395
-1
0,2060,2181,393
-1
0,2066,2148,196
-1
0,2062,2148,195
-1
0,2062,2147,195
-1
0,2062,2149,197
-1
0,2047,2130,207
-1
0,2047,2132,212
-1
0,2046,2132,209
-1
0,2049,2131,207
-1
0,2048,2130,206
-1
0,2048,2129,205
-1
0,2046,2131,208
-1
0,2045,2134,203
-1
0,2054,2138,210
-1
0,2054,2141,211
-1
0,2056,2140,210
-1
0,2053,2132,213
-1
0,2056,2132,212
-1
0,2049,2123,174
-1
0,2053,2120,171
-1
0,2085,2148,161
-1
0,2083,2151,160
-1
