-1
0,1247,1449,336
-1
0,1247,1449,337
-1
0,1246,1450,338
-1
0,1246,1450,341
-1
0,1246,1448,343
-1
0,1246,1445,346
-1
0,1246,1444,346
-1
0,1248,1444,342
-1
0,1248,1443,340
-1
0,1249,1442,338
-1
0,1251,1443,336
-1
0,1249,1440,338
-1
0,1252,1440,335
-1
0,1251,1439,338
-1
0,1253,1438,344
-1
0,1256,1438,345
-1
0,1259,1437,341
-1
0,1259,1438,338
-1
0,1260,1439,336
-1
0,1258,1440,339
-1
0,1256,1442,337
-1
0,1255,1445,337
-1
0,1256,1446,336
-1
0,1260,1447,330
-1
0,1261,1445,325
-1
0,1268,1449,317
-1
0,1265,1456,315
-1
0,1267,1461,306
-1
0,1263,1461,318
-1
0,1259,1466,315
-1
0,1257,1467,317
-1
0,1256,1467,316
-1
0,1257,1467,316
-1
0,1260,1464,316
-1
0,1259,1464,320
-1
0,1258,1465,322
-1
0,1265,1463,318
-1
0,1266,1462,319
-1
0,1268,1464,321
-1
0,1273,1462,324
-1
0,1274,1461,326
-1
0,1276,1457,327
-1
0,1278,1454,328
-1
0,1281,1454,331
-1
0,1282,1458,329
-1
0,1280,1459,328
-1
0,1278,1457,329
-1
0,1279,1452,328
-1
0,1284,1447,329
-1
0,1283,1448,329
-1
0,1285,1456,330
-1
0,1284,1465,327
-1
0,1286,1471,328
-1
0,1284,1475,327
-1
0,1278,1477,326
-1
0,1275,1484,323
-1
0,1273,1486,323
-1
0,1271,1494,319
-1
0,1273,1495,316
-1
0,1271,1495,318
-1
0,1273,1496,319
-1
0,1271,1497,319
-1
0,1268,1497,320
-1
0,1269,1496,319
-1
0,1270,1493,322
-1
0,1269,1490,323
-1
0,1269,1491,322
-1
0,1268,1492,321
-1
0,1267,1490,321
-1
0,1267,1488,322
-1
0,1267,1487,324
-1
0,1268,1486,326
-1
0,1269,1486,328
-1
0,1269,1484,329
-1
0,1270,1482,330
-1
0,1269,1482,331
-1
0,1270,1483,333
-1
0,1269,1484,332
-1
0,1268,1484,331
-1
0,1266,1487,330
-1
0,1264,1487,331
-1
0,1265,1488,330
-1
0,1266,1488,329
-1
0,1265,1487,327
-1
0,1266,1486,326
-1
0,1268,1489,325
-1
0,1271,1488,322
-1
0,1267,1490,323
-1
0,1265,1495,327
-1
0,1270,1484,328
-1
0,1273,1484,338
-1
0,1284,1480,336
-1
0,1281,1479,338
-1
0,1269,1485,334
-1
0,1263,1490,335
-1
0,1271,1498,337
-1
0,1267,1498,342
-1
0,1275,1497,347
-1
0,1269,1504,338
-1
0,1282,1504,339
-1
0,1282,1504,348
-1
0,1294,1507,352
-1
0,1282,1511,361
-1
0,1283,1514,370
-1
0,1285,1514,373
-1
0,1283,1517,381
-1
0,1284,1524,386
-1
0,1291,1528,377
-1
0,1295,1535,375
-1
0,1303,1540,371
-1
0,1321,1546,375
-1
0,1333,1547,379
-1
0,1309,1570,379
-1
0,1394,1588,376
-1
0,1399,1588,376
-1
0,1438,1640,318
-1
0,1447,1635,332
-1
0,1442,1638,340
-1
0,1434,1639,340
-1
0,1434,1643,344
-1
0,1435,1651,336
-1
0,1459,1657,350
-1
0,1465,1656,352
-1
0,1460,1664,332
-1
0,1471,1668,308
-1
0,1479,1672,298
-1
0,1482,1675,294
-1
0,1495,1679,299
-1
0,1508,1688,312
-1
0,1511,1691,316
-1
0,1518,1689,323
-1
0,1518,1693,319
-1
0,1522,1694,315
-1
0,1520,1697,313
-1
0,1519,1700,314
-1
0,1515,1695,324
-1
0,1519,1693,322
-1
0,1554,1718,326
-1
0,1580,1731,288
-1
0,1582,1736,287
-1
0,1677,1768,225
-1
0,1672,1772,235
-1
0,1669,1770,235
-1
0,1666,1771,239
-1
0,1669,1761,240
-1
0,1667,1760,234
-1
0,1668,1757,228
-1
0,1607,1769,266
-1
0,1600,1765,267
-1
0,1606,1765,269
-1
0,1581,1755,261
-1
0,1617,1743,240
-1
0,1585,1749,262
-1
0,1572,1736,316
-1
0,1573,1737,312
-1
0,1581,1731,314
-1
0,1580,1727,324
-1
0,1581,1732,322
-1
0,1579,1729,319
-1
0,1578,1727,318
-1
0,1575,1725,313
-1
0,1572,1725,307
-1
0,1570,1721,303
-1
0,1558,1721,298
-1
0,1524,1701,296
-1
0,1524,1690,304
-1
0,1507,1689,305
-1
0,1501,1684,307
-1
0,1493,1682,315
-1
0,1483,1677,322
-1
0,1486,1677,310
-1
0,1480,1676,313
-1
0,1480,1672,311
-1
0,1482,1669,311
-1
0,1480,1662,316
-1
0,1477,1658,317
-1
0,1471,1652,326
-1
0,1463,1649,323
-1
0,1455,1645,339
-1
0,1451,1642,343
-1
0,1448,1637,344
-1
0,1444,1631,349
-1
0,1442,1615,339
-1
0,1442,1606,339
-1
0,1443,1601,331
-1
0,1442,1600,325
-1
0,1434,1595,326
-1
0,1430,1594,323
-1
0,1420,1592,321
-1
0,1417,1582,323
-1
0,1409,1577,330
-1
0,1399,1581,348
-1
0,1400,1577,353
-1
0,1395,1579,357
-1
0,1348,1574,350
-1
0,1352,1569,347
-1
0,1355,1564,354
-1
0,1350,1563,357
-1
0,1338,1552,359
-1
0,1322,1533,354
-1
0,1329,1528,359
-1
0,1329,1529,362
-1
0,1325,1521,351
-1
0,1324,1523,352
-1
0,1324,1519,351
-1
0,1320,1519,353
-1
0,1318,1517,346
-1
0,1309,1510,341
-1
0,1303,1510,345
-1
0,1294,1505,349
-1
0,1282,1506,351
-1
0,1277,1502,350
-1
0,1259,1501,354
-1
0,1261,1503,358
-1
0,1256,1500,359
-1
0,1250,1499,360
-1
0,1258,1489,355
-1
0,1245,1491,350
-1
0,1240,1497,339
-1
0,1244,1496,338
-1
0,1241,1494,334
-1
0,1242,1493,332
-1
0,1239,1493,334
-1
0,1244,1489,338
-1
0,1241,1493,343
-1
0,1244,1499,343
-1
0,1251,1503,341
-1
0,1248,1506,343
-1
0,1251,1507,338
-1
0,1255,1510,342
-1
0,1256,1515,346
-1
0,1249,1520,339
-1
0,1246,1525,343
-1
0,1251,1527,343
-1
0,1250,1533,345
-1
0,1249,1541,350
-1
0,1240,1547,356
-1
0,1241,1548,356
-1
0,1241,1546,349
-1
0,1236,1546,348
-1
0,1233,1542,352
-1
0,1234,1537,351
-1
0,1231,1536,351
-1
0,1229,1535,351
-1
0,1224,1529,353
-1
0,1222,1524,351
-1
0,1224,1517,347
-1
0,1224,1507,342
-1
0,1227,1502,337
-1
0,1228,1493,336
-1
0,1227,1491,333
-1
0,1234,1495,335
-1
0,1232,1494,326
-1
0,1239,1500,325
-1
0,1252,1499,326
-1
0,1252,1501,326
-1
0,1248,1499,331
-1
0,1260,1498,333
-1
0,1256,1495,340
-1
0,1249,1494,340
-1
0,1248,1484,336
-1
0,1253,1480,340
-1
0,1263,1476,335
-1
0,1272,1475,335
-1
0,1272,1481,332
-1
0,1265,1483,335
-1
0,1262,1493,338
-1
0,1271,1492,337
-1
0,1270,1493,343
-1
0,1276,1495,339
-1
0,1275,1497,337
-1
0,1272,1496,336
-1
0,1275,1499,334
-1
0,1283,1498,331
-1
0,1284,1500,325
-1
0,1282,1503,326
-1
0,1280,1507,327
-1
0,1280,1508,326
-1
0,1282,1514,329
-1
0,1282,1516,330
-1
0,1283,1512,326
-1
0,1277,1512,332
-1
0,1276,1511,335
-1
0,1276,1511,337
-1
0,1274,1513,335
-1
0,1274,1516,332
-1
0,1277,1516,333
-1
0,1278,1516,336
-1
0,1278,1516,335
-1
0,1278,1515,334
-1
0,1276,1514,339
-1
0,1272,1514,340
-1
0,1266,1513,343
-1
0,1264,1513,345
-1
0,1258,1513,346
-1
0,1264,1513,342
-1
0,1250,1512,344
-1
0,1252,1508,346
-1
0,1246,1509,347
-1
0,1240,1507,346
-1
0,1238,1506,341
-1
0,1237,1504,337
-1
0,1230,1505,338
-1
0,1226,1504,341
-1
0,1220,1506,344
-1
0,1229,1503,340
-1
0,1229,1500,335
-1
0,1232,1496,331
-1
0,1239,1495,334
-1
0,1240,1488,329
-1
0,1243,1484,326
-1
0,1247,1483,329
-1
0,1242,1483,330
-1
0,1247,1484,333
-1
0,1250,1484,334
-1
0,1260,1479,335
-1
0,1257,1478,334
-1
0,1258,1481,329
-1
0,1258,1474,329
-1
0,1258,1467,338
-1
0,1255,1469,335
-1
0,1255,1470,342
-1
0,1259,1475,343
-1
0,1268,1470,344
-1
0,1267,1471,341
-1
0,1270,1474,339
-1
0,1279,1472,343
-1
0,1271,1476,342
-1
0,1277,1476,339
-1
0,1278,1481,337
-1
0,1280,1482,335
-1
0,1272,1487,336
-1
0,1266,1486,331
-1
0,1266,1480,336
-1
0,1267,1482,333
-1
0,1272,1483,332
-1
0,1269,1487,337
-1
0,1263,1491,344
-1
0,1258,1496,346
-1
0,1254,1497,342
-1
0,1248,1500,341
-1
0,1243,1502,337
-1
0,1248,1505,332
-1
0,1246,1506,333
-1
0,1241,1510,337
-1
0,1236,1505,337
-1
0,1239,1509,338
-1
0,1232,1513,341
-1
0,1230,1515,340
-1
0,1228,1518,341
-1
0,1230,1521,332
-1
0,1244,1525,327
-1
0,1245,1525,329
-1
0,1241,1521,324
-1
0,1241,1526,329
-1
0,1243,1523,339
-1
0,1255,1525,339
-1
0,1264,1524,335
-1
0,1270,1522,332
-1
0,1278,1521,334
-1
0,1281,1523,332
-1
0,1283,1527,332
-1
0,1289,1528,336
-1
0,1299,1531,334
-1
0,1300,1532,335
-1
0,1304,1530,333
-1
0,1307,1528,332
-1
0,1313,1529,329
-1
0,1314,1531,328
-1
0,1317,1531,328
-1
0,1320,1530,329
-1
0,1319,1531,332
-1
0,1322,1531,329
-1
0,1324,1532,326
-1
0,1321,1530,332
-1
0,1321,1533,335
-1
0,1323,1535,333
-1
0,1323,1537,333
-1
0,1321,1541,343
-1
0,1319,1541,342
-1
0,1313,1546,348
-1
0,1316,1547,355
-1
0,1320,1556,369
-1
0,1327,1557,368
-1
0,1306,1552,381
-1
0,1307,1557,390
-1
0,1314,1553,383
-1
0,1311,1565,388
-1
0,1322,1563,384
-1
0,1331,1573,386
-1
0,1389,1582,382
-1
0,1349,1557,393
-1
0,1399,1575,375
-1
0,1396,1573,383
-1
0,1401,1577,380
-1
0,1405,1575,379
-1
0,1409,1584,366
-1
0,1435,1639,328
-1
0,1453,1638,326
-1
0,1439,1645,327
-1
0,1446,1643,331
-1
0,1444,1646,332
-1
0,1445,1643,331
-1
0,1466,1646,342
-1
0,1470,1655,336
-1
0,1464,1658,343
-1
0,1466,1661,333
-1
0,1471,1667,331
-1
0,1472,1669,321
-1
0,1485,1671,305
-1
0,1491,1669,299
-1
0,1500,1670,296
-1
0,1506,1674,302
-1
0,1508,1674,306
-1
0,1513,1677,307
-1
0,1517,1676,310
-1
0,1520,1674,309
-1
0,1521,1671,313
-1
0,1521,1670,314
-1
0,1520,1669,317
-1
0,1520,1668,319
-1
0,1519,1668,315
-1
0,1519,1670,315
-1
0,1515,1669,311
-1
0,1517,1669,312
-1
0,1520,1669,312
-1
0,1524,1669,315
-1
0,1525,1671,315
-1
0,1521,1672,310
-1
0,1520,1673,312
-1
0,1520,1675,315
-1
0,1521,1672,317
-1
0,1521,1671,320
-1
0,1520,1671,321
-1
0,1523,1670,322
-1
0,1523,1668,322
-1
0,1525,1669,324
-1
0,1526,1667,329
-1
0,1528,1667,324
-1
0,1528,1666,320
-1
0,1533,1667,326
-1
0,1532,1663,326
-1
0,1533,1664,327
-1
0,1530,1667,332
-1
0,1530,1672,331
-1
0,1528,1672,329
-1
0,1534,1677,329
-1
0,1534,1679,326
-1
0,1533,1688,322
-1
0,1568,1705,325
-1
0,1571,1708,324
-1
0,1569,1708,319
-1
0,1570,1709,317
-1
0,1568,1713,314
-1
0,1572,1716,316
-1
0,1571,1715,312
-1
0,1571,1717,312
-1
0,1572,1725,309
-1
0,1568,1725,310
-1
0,1568,1726,313
-1
0,1565,1727,311
-1
0,1562,1730,308
-1
0,1565,1732,313
-1
0,1566,1726,312
-1
0,1568,1726,310
-1
0,1572,1724,320
-1
0,1573,1721,319
-1
0,1571,1722,314
-1
0,1567,1722,317
-1
0,1572,1719,324
-1
0,1576,1718,326
-1
0,1573,1719,332
-1
0,1570,1721,335
-1
0,1573,1718,340
-1
0,1568,1716,350
-1
0,1563,1717,346
-1
0,1560,1718,344
-1
0,1513,1707,332
-1
0,1502,1713,324
-1
0,1490,1715,320
-1
0,1501,1705,311
-1
0,1493,1703,316
-1
0,1509,1669,305
-1
0,1507,1670,309
-1
0,1511,1669,309
-1
0,1506,1670,303
-1
0,1506,1667,303
-1
0,1501,1663,301
-1
0,1499,1660,297
-1
0,1493,1661,291
-1
0,1475,1660,287
-1
0,1472,1659,291
-1
0,1466,1663,294
-1
0,1458,1663,296
-1
0,1471,1660,295
-1
0,1467,1666,301
-1
0,1472,1669,302
-1
0,1480,1663,298
-1
0,1480,1658,293
-1
0,1475,1659,294
-1
0,1480,1662,303
-1
0,1474,1670,305
-1
0,1474,1669,296
-1
0,1482,1666,290
-1
0,1481,1669,283
-1
0,1477,1673,287
-1
0,1486,1673,292
-1
0,1491,1671,296
-1
0,1496,1669,296
-1
0,1487,1670,298
-1
0,1489,1669,296
-1
0,1492,1668,296
-1
0,1493,1667,296
-1
0,1495,1666,296
-1
0,1495,1665,299
-1
0,1496,1664,302
-1
0,1494,1661,300
-1
0,1495,1661,301
-1
0,1494,1661,302
-1
0,1494,1661,303
-1
0,1496,1663,303
-1
0,1494,1663,302
-1
0,1491,1662,300
-1
0,1488,1663,302
-1
0,1493,1666,308
-1
0,1498,1668,310
-1
0,1498,1667,309
-1
0,1496,1668,307
-1
0,1502,1668,305
-1
0,1501,1669,302
-1
0,1503,1668,302
-1
0,1503,1669,305
-1
0,1502,1670,306
-1
0,1508,1672,306
-1
0,1511,1673,308
-1
0,1508,1672,307
-1
0,1510,1669,306
-1
0,1512,1669,310
-1
0,1514,1670,312
-1
0,1515,1671,312
-1
0,1515,1671,312
-1
0,1515,1671,310
-1
0,1514,1671,308
-1
0,1513,1671,308
-1
0,1512,1672,308
-1
0,1510,1672,307
-1
0,1511,1672,310
-1
0,1508,1672,309
-1
0,1505,1672,314
-1
0,1507,1670,313
-1
0,1507,1669,312
-1
0,1509,1669,312
-1
0,1512,1666,312
-1
0,1509,1665,308
-1
0,1509,1663,308
-1
0,1510,1660,305
-1
0,1513,1656,308
-1
0,1513,1657,309
-1
0,1510,1658,310
-1
0,1508,1656,309
-1
0,1510,1658,312
-1
0,1510,1658,311
-1
0,1510,1659,313
-1
0,1509,1657,313
-1
0,1510,1658,312
-1
0,1510,1657,312
-1
0,1512,1659,313
-1
0,1513,1660,313
-1
0,1515,1660,315
-1
0,1514,1659,312
-1
0,1512,1661,309
-1
0,1508,1659,307
-1
0,1511,1660,307
-1
0,1513,1662,308
-1
0,1516,1665,311
-1
0,1516,1665,314
-1
0,1516,1665,313
-1
0,1516,1665,312
-1
0,1516,1666,314
-1
0,1518,1665,314
-1
0,1519,1665,313
-1
0,1520,1666,310
-1
0,1518,1664,311
-1
0,1516,1664,311
-1
0,1512,1665,307
-1
0,1518,1668,315
-1
0,1521,1667,313
-1
0,1521,1675,316
-1
0,1520,1674,315
-1
0,1521,1675,309
-1
0,1520,1672,310
-1
0,1521,1675,316
-1
0,1520,1677,316
-1
0,1522,1684,315
-1
0,1524,1683,322
-1
0,1522,1680,319
-1
0,1619,1735,233
-1
0,1613,1733,228
-1
0,1624,1727,234
-1
