-1
1,3120.00,3331.42,273
0,3122,3332,274
0,3122.00,3332.18,274
-1
0,3120,3332,274
0,3120.00,3332.07,274
-1
0,3122,3333,277
0,3122.00,3332.59,277
-1
0,3123,3332,277
0,3123.00,3332.13,277
-1
-1
1,3122.00,3331.43,276
-1
1,3123.00,3330.25,277
-1
1,3122.00,3330.40,276
-1
1,3122.00,3330.45,276
-1
1,3122.00,3330.53,275
-1
1,3121.00,3331.11,276
-1
1,3123.00,3331.82,276
-1
1,3122.00,3331.94,276
0,3122,3331,277
0,3122.00,3331.35,277
-1
-1
1,3122.00,3331.31,276
-1
1,3123.00,3331.96,277
-1
1,3122.00,3330.91,276
0,3121,3333,278
0,3121.00,3332.58,278
-1
0,3122,3333,279
0,3122.00,3332.94,279
-1
-1
1,3123.00,3332.36,278
-1
1,3125.00,3330.90,280
-1
1,3124.00,3330.74,278
-1
1,3125.00,3331.32,281
0,3123,3332,279
0,3123.00,3331.71,279
-1
0,3125,3331,278
0,3125.00,3330.78,278
-1
0,3124,3330,278
0,3124.00,3329.76,278
-1
0,3125,3330,277
0,3125.00,3329.90,277
-1
0,3125,3331,276
0,3125.00,3331.47,276
-1
0,3123,3332,274
0,3123.00,3331.72,274
-1
0,3122,3331,273
0,3122.00,3331.43,273
-1
0,3121,3331,272
0,3121.00,3330.58,272
-1
0,3121,3331,274
0,3121.00,3331.34,274
-1
0,3123,3331,279
0,3123.00,3330.73,279
-1
0,3125,3331,279
0,3125.00,3331.01,279
-1
0,3124,3330,278
0,3124.00,3329.87,278
-1
0,3123,3329,279
0,3123.00,3329.47,279
-1
0,3121,3331,277
0,3121.00,3331.07,277
-1
0,3123,3330,278
0,3123.00,3330.43,278
-1
0,3123,3331,276
0,3123.00,3330.77,276
-1
0,3123,3330,275
0,3123.00,3330.47,275
-1
0,3122,3329,276
0,3122.00,3329.19,276
-1
0,3124,3329,278
0,3124.00,3329.27,278
-1
0,3124,3330,279
0,3124.00,3329.81,279
-1
0,3123,3330,277
0,3123.00,3329.71,277
-1
0,3122,3331,275
0,3122.00,3330.65,275
-1
0,3121,3330,274
0,3121.00,3330.26,274
-1
0,3121,3330,277
0,3121.00,3330.22,277
-1
0,3122,3329,278
0,3122.00,3329.33,278
-1
0,3122,3331,277
0,3122.00,3330.87,277
-1
0,3122,3330,277
0,3122.00,3329.95,277
-1
0,3121,3330,277
0,3121.00,3330.44,277
-1
0,3122,3331,275
0,3122.00,3331.48,275
-1
0,3123,3330,276
0,3123.00,3329.55,276
-1
0,3122,3330,278
0,3122.00,3330.17,278
-1
0,3123,3330,279
0,3123.00,3330.17,279
-1
0,3122,3330,278
0,3122.00,3329.51,278
-1
0,3121,3330,277
0,3121.00,3329.71,277
-1
0,3122,3330,278
0,3122.00,3329.68,278
-1
0,3121,3330,274
0,3121.00,3330.49,274
-1
0,3120,3331,275
0,3120.00,3331.00,275
-1
0,3122,3330,277
0,3122.00,3330.10,277
-1
0,3122,3330,276
0,3122.00,3330.06,276
-1
0,3123,3330,275
0,3123.00,3330.43,275
-1
0,3121,3329,275
0,3121.00,3329.10,275
-1
0,3121,3330,275
0,3121.00,3329.99,275
-1
0,3120,3329,273
0,3120.00,3329.10,273
-1
0,3121,3328,273
0,3121.00,3327.77,273
-1
-1
1,3123.00,3327.37,273
-1
1,3125.00,3325.40,273
-1
1,3124.00,3325.35,273
-1
1,3124.00,3326.07,275
-1
1,3124.00,3324.63,274
-1
1,3124.00,3325.11,274
-1
1,3125.00,3321.29,277
-1
1,3125.00,3323.70,276
-1
1,3126.00,3324.97,276
-1
1,3123.00,3324.77,276
0,3125,3323,274
0,3125.00,3323.39,274
-1
0,3125,3324,274
0,3125.00,3323.61,274
-1
-1
1,3125.00,3323.26,276
-1
1,3124.00,3323.68,277
0,3124,3322,278
0,3124.00,3321.96,278
-1
0,3125,3321,279
0,3125.00,3320.99,279
-1
0,3127,3322,279
0,3127.00,3322.11,279
-1
0,3126,3322,279
0,3126.00,3321.54,279
-1
0,3123,3322,279
0,3123.00,3322.20,279
-1
0,3123,3323,281
0,3123.00,3323.11,281
-1
0,3122,3323,281
0,3122.00,3323.07,281
-1
0,3119,3325,278
0,3119.00,3325.43,278
-1
0,3121,3324,278
0,3121.00,3323.73,278
-1
0,3121,3322,278
0,3121.00,3322.19,278
-1
0,3121,3323,279
0,3121.00,3323.44,279
-1
-1
1,3122.00,3322.86,278
-1
1,3123.00,3321.76,280
0,3122,3322,279
0,3122.00,3322.09,279
-1
-1
1,3122.00,3321.36,278
-1
1,3123.00,3321.41,279
0,3124,3323,279
0,3124.00,3322.50,279
-1
-1
1,3124.00,3324.41,279
-1
1,3124.00,3325.53,280
0,3124,3326,279
0,3124.00,3325.85,279
-1
0,3124,3325,280
0,3124.00,3325.14,280
-1
-1
1,3126.00,3324.24,279
0,3127,3325,279
0,3127.00,3325.47,279
-1
-1
1,3127.00,3324.19,280
0,3126,3324,280
0,3126.00,3324.29,280
-1
0,3125,3324,279
0,3125.00,3324.30,279
-1
-1
1,3125.00,3323.77,280
-1
1,3125.00,3325.09,280
-1
1,3125.00,3325.02,282
0,3124,3325,281
0,3124.00,3324.56,281
-1
-1
1,3124.00,3323.66,281
-1
1,3125.00,3323.40,281
-1
1,3125.00,3322.88,279
0,3126,3322,282
0,3126.00,3322.03,282
-1
-1
1,3126.00,3322.16,280
-1
1,3125.00,3321.94,281
0,3124,3321,282
0,3124.00,3321.30,282
-1
-1
1,3123.00,3322.95,279
-1
1,3124.00,3323.47,279
0,3125,3323,279
0,3125.00,3323.25,279
-1
-1
1,3124.00,3322.47,280
-1
1,3125.00,3323.81,280
-1
1,3124.00,3323.39,280
-1
1,3123.00,3323.16,280
0,3123,3324,281
0,3123.00,3324.49,281
-1
0,3123,3324,281
0,3123.00,3324.31,281
-1
0,3123,3323,281
0,3123.00,3323.40,281
-1
0,3122,3322,282
0,3122.00,3321.95,282
-1
0,3122,3322,282
0,3122.00,3322.17,282
-1
0,3124,3321,281
0,3124.00,3321.21,281
-1
-1
1,3124.00,3321.55,283
0,3123,3322,282
0,3123.00,3321.70,282
-1
-1
1,3122.00,3321.08,281
0,3121,3322,283
0,3121.00,3322.47,283
-1
0,3122,3321,283
0,3122.00,3321.48,283
-1
0,3121,3321,283
0,3121.00,3320.90,283
-1
-1
1,3121.00,3321.76,286
0,3120,3322,285
0,3120.00,3322.29,285
-1
0,3119,3323,286
0,3119.00,3322.62,286
-1
0,3119,3324,283
0,3119.00,3323.86,283
-1
-1
1,3120.00,3321.68,281
0,3120,3320,282
0,3120.00,3320.19,282
-1
-1
1,3121.00,3322.35,281
0,3120,3321,281
0,3120.00,3321.46,281
-1
0,3119,3321,282
0,3119.00,3320.53,282
-1
0,3120,3322,282
0,3120.00,3321.71,282
-1
0,3119,3321,282
0,3119.00,3321.23,282
-1
0,3119,3324,280
0,3119.00,3323.71,280
-1
0,3119,3322,280
0,3119.00,3321.89,280
-1
0,3119,3323,280
0,3119.00,3323.21,280
-1
0,3120,3322,282
0,3120.00,3321.68,282
-1
0,3120,3322,281
0,3120.00,3322.26,281
-1
0,3120,3320,281
0,3120.00,3320.43,281
-1
0,3120,3321,280
0,3120.00,3321.36,280
-1
0,3119,3321,280
0,3119.00,3321.08,280
-1
0,3119,3320,280
0,3119.00,3320.36,280
-1
0,3119,3318,281
0,3119.00,3317.83,281
-1
0,3121,3319,280
0,3121.00,3319.27,280
-1
0,3120,3318,280
0,3120.00,3318.42,280
-1
0,3119,3319,282
0,3119.00,3319.28,282
-1
0,3120,3320,281
0,3120.00,3319.63,281
-1
0,3121,3320,283
0,3121.00,3320.31,283
-1
0,3120,3321,282
0,3120.00,3320.70,282
-1
0,3120,3320,283
0,3120.00,3320.20,283
-1
0,3121,3321,281
0,3121.00,3321.26,281
-1
0,3122,3320,279
0,3122.00,3320.32,279
-1
0,3122,3320,278
0,3122.00,3320.12,278
-1
0,3123,3322,278
0,3123.00,3322.19,278
-1
0,3121,3322,275
0,3121.00,3321.71,275
-1
0,3120,3323,275
0,3120.00,3322.97,275
-1
0,3122,3324,276
0,3122.00,3324.43,276
-1
0,3122,3323,275
0,3122.00,3322.95,275
-1
0,3121,3323,273
0,3121.00,3322.58,273
-1
0,3122,3324,274
0,3122.00,3323.74,274
-1
0,3121,3321,277
0,3121.00,3320.95,277
-1
0,3121,3322,275
0,3121.00,3321.62,275
-1
0,3123,3322,276
0,3123.00,3321.83,276
-1
0,3122,3324,275
0,3122.00,3324.16,275
-1
0,3125,3322,280
0,3125.00,3322.17,280
-1
0,3124,3323,277
0,3124.00,3323.17,277
-1
0,3123,3322,277
0,3123.00,3321.96,277
-1
0,3124,3322,278
0,3124.00,3322.47,278
-1
0,3122,3323,279
0,3122.00,3322.53,279
-1
0,3124,3324,280
0,3124.00,3323.72,280
-1
0,3125,3325,279
0,3125.00,3324.80,279
-1
0,3125,3325,279
0,3125.00,3324.72,279
-1
0,3126,3325,277
0,3126.00,3324.83,277
-1
0,3126,3327,276
0,3126.00,3326.87,276
-1
0,3125,3324,275
0,3125.00,3324.36,275
-1
0,3125,3325,276
0,3125.00,3325.09,276
-1
0,3125,3323,275
0,3125.00,3323.39,275
-1
0,3126,3322,277
0,3126.00,3322.14,277
-1
0,3125,3321,277
0,3125.00,3321.42,277
-1
0,3124,3321,275
0,3124.00,3320.55,275
-1
0,3123,3320,277
0,3123.00,3320.34,277
-1
0,3122,3318,277
0,3122.00,3318.47,277
-1
0,3121,3319,276
0,3121.00,3318.60,276
-1
0,3123,3319,276
0,3123.00,3319.05,276
-1
0,3121,3321,273
0,3121.00,3320.90,273
-1
0,3120,3320,274
0,3120.00,3319.62,274
-1
0,3121,3319,275
0,3121.00,3319.45,275
-1
0,3121,3320,276
0,3121.00,3319.84,276
-1
0,3122,3320,274
0,3122.00,3320.08,274
-1
0,3122,3318,277
0,3122.00,3318.10,277
-1
0,3122,3319,274
0,3122.00,3318.66,274
-1
0,3123,3321,275
0,3123.00,3320.81,275
-1
0,3122,3322,274
0,3122.00,3321.66,274
-1
0,3122,3323,277
0,3122.00,3322.69,277
-1
0,3121,3323,275
0,3121.00,3322.70,275
-1
0,3123,3324,276
0,3123.00,3324.49,276
-1
0,3122,3324,276
0,3122.00,3324.05,276
-1
0,3123,3324,275
0,3123.00,3324.26,275
-1
0,3122,3323,276
0,3122.00,3323.19,276
-1
0,3124,3324,277
0,3124.00,3324.05,277
-1
0,3123,3325,275
0,3123.00,3324.85,275
-1
0,3124,3324,277
0,3124.00,3324.18,277
-1
0,3123,3323,277
0,3123.00,3322.69,277
-1
0,3124,3324,274
0,3124.00,3323.51,274
-1
0,3123,3324,272
0,3123.00,3323.87,272
-1
0,3124,3323,273
0,3124.00,3323.19,273
-1
0,3124,3324,273
0,3124.00,3324.08,273
-1
0,3125,3324,275
0,3125.00,3324.23,275
-1
0,3124,3323,273
0,3124.00,3323.14,273
-1
0,3124,3322,273
0,3124.00,3321.98,273
-1
0,3124,3320,273
0,3124.00,3320.27,273
-1
0,3123,3320,275
0,3123.00,3319.99,275
-1
0,3124,3319,275
0,3124.00,3319.13,275
-1
0,3123,3319,275
0,3123.00,3319.16,275
-1
0,3124,3318,277
0,3124.00,3318.29,277
-1
0,3125,3317,276
0,3125.00,3316.66,276
-1
0,3126,3317,275
0,3126.00,3317.21,275
-1
0,3126,3317,277
0,3126.00,3316.50,277
-1
0,3125,3317,274
0,3125.00,3317.31,274
-1
0,3125,3319,274
0,3125.00,3318.88,274
-1
0,3125,3320,274
0,3125.00,3320.13,274
-1
0,3126,3320,275
0,3126.00,3320.24,275
-1
0,3125,3321,272
0,3125.00,3321.15,272
-1
0,3120,3321,268
0,3120.00,3321.46,268
-1
0,3121,3321,269
0,3121.00,3321.35,269
-1
0,3120,3321,270
0,3120.00,3320.88,270
-1
0,3120,3323,270
0,3120.00,3323.36,270
-1
0,3119,3321,269
0,3119.00,3320.70,269
-1
0,3118,3321,271
0,3118.00,3321.00,271
-1
0,3120,3321,272
0,3120.00,3321.41,272
-1
0,3120,3322,272
0,3120.00,3321.67,272
-1
0,3119,3321,271
0,3119.00,3321.50,271
-1
0,3119,3322,271
0,3119.00,3321.78,271
-1
0,3122,3322,272
0,3122.00,3322.02,272
-1
-1
1,3122.00,3321.54,272
0,3121,3319,277
0,3121.00,3319.17,277
-1
0,3124,3320,275
0,3124.00,3320.04,275
-1
0,3125,3319,276
0,3125.00,3318.73,276
-1
0,3124,3320,275
0,3124.00,3320.29,275
-1
0,3122,3321,273
0,3122.00,3321.26,273
-1
0,3122,3321,272
0,3122.00,3321.03,272
-1
0,3121,3322,273
0,3121.00,3321.72,273
-1
0,3122,3320,273
0,3122.00,3320.02,273
-1
0,3122,3321,274
0,3122.00,3321.22,274
-1
0,3122,3323,275
0,3122.00,3323.41,275
-1
0,3122,3323,274
0,3122.00,3323.04,274
-1
0,3121,3323,274
0,3121.00,3322.89,274
-1
0,3123,3323,275
0,3123.00,3322.60,275
-1
-1
1,3121.00,3320.96,276
0,3121,3322,275
0,3121.00,3321.91,275
-1
-1
1,3121.00,3321.76,276
0,3120,3321,275
0,3120.00,3321.26,275
-1
-1
1,3122.00,3320.87,277
-1
1,3123.00,3319.00,277
0,3124,3320,276
0,3124.00,3320.02,276
-1
0,3122,3321,277
0,3122.00,3321.10,277
-1
-1
1,3123.00,3322.43,278
0,3124,3321,278
0,3124.00,3320.55,278
-1
0,3123,3321,277
0,3123.00,3321.19,277
-1
0,3122,3322,277
0,3122.00,3321.84,277
-1
0,3123,3320,279
0,3123.00,3320.33,279
-1
-1
1,3123.00,3322.29,279
0,3122,3322,277
0,3122.00,3321.87,277
-1
0,3123,3321,278
0,3123.00,3321.24,278
-1
0,3123,3320,279
0,3123.00,3320.12,279
-1
0,3123,3321,280
0,3123.00,3321.26,280
-1
0,3122,3321,280
0,3122.00,3321.47,280
-1
0,3122,3320,280
0,3122.00,3320.36,280
-1
0,3123,3321,280
0,3123.00,3321.16,280
-1
0,3123,3320,279
0,3123.00,3320.42,279
-1
0,3122,3322,278
0,3122.00,3321.96,278
-1
0,3120,3321,277
0,3120.00,3320.99,277
-1
0,3121,3323,276
0,3121.00,3322.80,276
-1
0,3122,3322,276
0,3122.00,3321.93,276
-1
0,3123,3321,276
0,3123.00,3320.95,276
-1
0,3124,3321,276
0,3124.00,3320.64,276
-1
0,3126,3320,278
0,3126.00,3320.46,278
-1
0,3124,3321,279
0,3124.00,3320.53,279
-1
0,3124,3319,276
0,3124.00,3318.74,276
-1
0,3127,3318,279
0,3127.00,3317.76,279
-1
0,3126,3319,283
0,3126.00,3319.47,283
-1
0,3128,3316,284
0,3128.00,3316.36,284
-1
0,3131,3315,289
0,3131.00,3314.76,289
-1
0,3128,3312,294
0,3128.00,3311.77,294
-1
1,3135.00,3279.18,110
-1
1,3127.00,3310.27,300
-1
1,3129.00,3309.24,296
-1
1,3129.00,3311.11,304
-1
1,3125.00,3311.36,301
-1
1,3126.00,3312.98,300
-1
1,3123.00,3310.69,297
-1
1,3125.00,3315.41,298
0,3127,3315,293
0,3127.00,3315.43,293
-1
0,3122,3313,294
0,3122.00,3313.07,294
-1
0,3126,3315,294
0,3126.00,3315.29,294
-1
0,3125,3316,294
0,3125.00,3315.59,294
-1
0,3122,3315,291
0,3122.00,3314.57,291
-1
0,3122,3314,291
0,3122.00,3313.77,291
-1
0,3124,3315,291
0,3124.00,3314.81,291
-1
0,3123,3312,291
0,3123.00,3312.13,291
-1
0,3124,3311,293
0,3124.00,3311.15,293
-1
-1
0,3126,3313,298
0,3126.00,3313.10,298
-1
0,3125,3313,297
0,3125.00,3312.87,297
-1
0,3127,3315,291
0,3127.00,3314.56,291
-1
0,3128,3318,291
0,3128.00,3318.13,291
-1
0,3125,3317,292
0,3125.00,3316.60,292
-1
-1
-1
-1
-1
-1
-1
-1
-1
-1
-1
-1
0,3125,3321,293
0,3125.00,3320.75,293
-1
0,3122,3318,292
0,3122.00,3318.37,292
-1
-1
0,3125,3321,297
0,3125.00,3320.84,297
-1
-1
1,3126.00,3323.26,303
0,3129,3324,304
0,3129.00,3324.25,304
-1
-1
-1
-1
-1
0,3126,3325,306
0,3126.00,3324.97,306
-1
-1
2,3128.00,3322.95,310
-1
1,3126.00,3324.02,309
0,3128,3323,304
0,3128.00,3322.74,304
-1
0,3123,3324,307
0,3123.00,3323.99,307
-1
0,3123,3325,297
0,3123.00,3325.33,297
-1
0,3127,3324,299
0,3127.00,3324.22,299
-1
0,3126,3324,302
0,3126.00,3324.09,302
-1
0,3125,3322,302
0,3125.00,3322.08,302
-1
0,3127,3321,292
0,3127.00,3321.32,292
-1
0,3127,3320,297
0,3127.00,3319.96,297
-1
0,3128,3319,286
0,3128.00,3318.80,286
-1
0,3129,3317,294
0,3129.00,3317.23,294
-1
0,3124,3317,301
0,3124.00,3316.65,301
-1
0,3128,3317,301
0,3128.00,3317.34,301
-1
-1
1,3127.00,3315.63,306
2,3065.00,3178.76,211
0,3125,3313,311
0,3125.00,3312.70,311
-1
1,3075.00,3188.43,200
2,3057.00,3246.98,281
-1
1,3126.00,3317.82,300
2,3076.00,3189.65,196
-1
1,3078.00,3188.24,196
2,3132.00,3319.49,302
-1
1,3080.00,3190.68,198
2,3130.00,3319.01,302
0,3084,3190,194
0,3084.00,3190.45,194
-1
2,3135.00,3320.60,301
-1
1,3137.00,3319.50,297
2,3087.00,3189.93,195
0,3132,3321,295
0,3132.00,3320.55,295
-1
1,3089.00,3194.52,196
0,3136,3320,296
0,3136.00,3319.94,296
-1
2,3090.00,3193.54,195
0,3091,3200,199
0,3091.00,3200.02,199
-1
1,3133.00,3318.60,295
0,3095,3199,205
0,3095.00,3199.20,205
-1
1,3137.00,3318.44,296
0,3096,3205,209
0,3096.00,3204.75,209
-1
1,3134.00,3317.74,294
-1
1,3101.00,3202.98,208
2,3136.00,3318.20,294
-1
1,3102.00,3201.96,205
2,3136.00,3318.72,297
0,3137,3318,296
0,3137.00,3318.44,296
-1
2,3102.00,3204.41,206
0,3135,3319,296
0,3135.00,3318.58,296
-1
2,3103.00,3207.96,203
0,3137,3317,296
0,3137.00,3317.30,296
-1
2,3105.00,3206.13,204
0,3137,3315,296
0,3137.00,3315.15,296
-1
2,3104.00,3205.44,203
0,3135,3317,295
0,3135.00,3317.19,295
-1
2,3104.00,3208.68,204
0,3135,3316,296
0,3135.00,3316.30,296
-1
2,3105.00,3206.55,207
0,3107,3206,206
0,3107.00,3205.95,206
-1
2,3136.00,3317.06,297
0,3109,3203,204
0,3109.00,3203.23,204
-1
2,3141.00,3317.30,301
0,3108,3203,204
0,3108.00,3202.54,204
-1
2,3145.00,3318.37,304
0,3108,3200,204
0,3108.00,3199.67,204
-1
2,3145.00,3316.46,304
0,3110,3197,204
0,3110.00,3196.57,204
-1
2,3144.00,3315.45,300
0,3107,3198,206
0,3107.00,3197.83,206
-1
2,3145.00,3318.76,303
0,3107,3198,208
0,3107.00,3197.65,208
-1
2,3144.00,3318.80,305
-1
1,3106.00,3197.73,213
2,3146.00,3317.18,302
-1
1,3106.00,3198.83,214
2,3146.00,3316.39,298
-1
1,3106.00,3198.19,213
2,3143.00,3315.32,294
0,3106,3196,213
0,3106.00,3196.49,213
-1
1,3146.00,3313.92,296
0,3105,3196,214
0,3105.00,3196.48,214
-1
1,3146.00,3314.24,300
0,3106,3196,217
0,3106.00,3196.16,217
-1
1,3144.00,3313.58,296
0,3107,3195,216
0,3107.00,3194.90,216
-1
1,3147.00,3313.93,292
-1
1,3107.00,3191.71,214
2,3143.00,3312.69,294
-1
1,3142.00,3310.58,294
2,3108.00,3190.55,215
0,3112,3190,215
0,3112.00,3190.27,215
-1
2,3144.00,3312.55,298
0,3115,3191,215
0,3115.00,3191.31,215
-1
2,3145.00,3312.60,299
-1
1,3113.00,3193.40,209
2,3146.00,3314.49,291
0,3144,3314,289
0,3144.00,3314.31,289
-1
2,3113.00,3194.56,209
0,3116,3199,212
0,3116.00,3198.60,212
-1
1,3144.00,3315.45,287
0,3141,3316,291
0,3141.00,3316.48,291
-1
0,3139,3316,295
0,3139.00,3316.10,295
-1
0,3114,3205,226
0,3114.00,3204.98,226
-1
2,3138.00,3316.64,306
0,3164,3254,154
0,3164.00,3254.06,154
-1
2,3142.00,3317.17,302
3,3119.00,3199.31,223
0,3122,3205,224
0,3122.00,3204.94,224
-1
2,3140.00,3318.10,294
0,3138,3318,299
0,3138.00,3317.93,299
-1
-1
1,3139.00,3316.95,301
2,3149.00,3249.65,164
-1
1,3137.00,3317.16,298
2,3141.00,3253.33,202
0,3139,3317,297
0,3139.00,3317.20,297
-1
0,3151,3248,161
0,3151.00,3247.99,161
-1
2,3141.00,3315.85,304
0,3151,3247,158
0,3151.00,3246.73,158
-1
2,3138.00,3317.10,297
0,3152,3247,150
0,3152.00,3246.73,150
-1
2,3140.00,3319.60,293
0,3141,3321,294
0,3141.00,3320.77,294
-1
0,3157,3252,150
0,3157.00,3251.55,150
-1
2,3139.00,3318.70,300
0,3156,3251,149
0,3156.00,3251.38,149
-1
2,3140.00,3320.29,299
0,3142,3320,293
0,3142.00,3320.04,293
-1
0,3143,3320,293
0,3143.00,3320.42,293
-1
0,3156,3254,153
0,3156.00,3253.53,153
-1
2,3146.00,3322.56,285
0,3147,3323,285
0,3147.00,3323.16,285
-1
0,3157,3253,153
0,3157.00,3253.09,153
-1
2,3147.00,3321.33,283
0,3158,3254,149
0,3158.00,3253.84,149
-1
0,3159,3255,151
0,3159.00,3254.80,151
-1
0,3150,3320,300
0,3150.00,3320.47,300
-1
2,3158.00,3251.30,159
0,3149,3321,300
0,3149.00,3321.08,300
-1
2,3157.00,3248.95,163
0,3149,3322,306
0,3149.00,3322.04,306
-1
2,3157.00,3248.68,165
0,3156,3246,167
0,3156.00,3245.89,167
-1
1,3151.00,3319.23,312
0,3156,3244,166
0,3156.00,3243.66,166
-1
1,3153.00,3319.87,305
0,3153,3319,308
0,3153.00,3319.01,308
-1
1,3155.00,3242.22,170
0,3180,3341,315
0,3180.00,3341.01,315
-1
1,3154.00,3241.48,169
0,3180,3343,313
0,3180.00,3342.65,313
-1
1,3154.00,3240.55,169
0,3152,3323,299
0,3152.00,3323.09,299
-1
1,3151.00,3239.57,206
0,3150,3241,211
0,3150.00,3240.65,211
-1
1,3152.00,3323.41,301
0,3151,3236,212
0,3151.00,3236.20,212
-1
1,3157.00,3321.82,310
0,3152,3236,213
0,3152.00,3236.08,213
-1
1,3159.00,3319.41,313
-1
1,3152.00,3235.53,212
2,3158.00,3317.91,304
-1
1,3151.00,3234.42,210
2,3161.00,3315.73,302
-1
1,3151.00,3235.02,210
2,3159.00,3316.41,295
-1
1,3152.00,3233.52,209
2,3160.00,3314.67,302
-1
1,3151.00,3233.82,210
2,3156.00,3315.12,303
0,3153,3314,306
0,3153.00,3313.68,306
-1
2,3151.00,3234.05,207
0,3150,3235,211
0,3150.00,3234.88,211
-1
0,3151,3236,212
0,3151.00,3235.85,212
-1
0,3149,3235,213
0,3149.00,3235.43,213
-1
0,3162,3315,240
0,3162.00,3314.91,240
-1
2,3152.00,3235.95,213
0,3162,3312,245
0,3162.00,3312.09,245
-1
2,3153.00,3236.13,216
0,3162,3315,246
0,3162.00,3314.55,246
-1
2,3152.00,3238.48,219
0,3161,3314,243
0,3161.00,3313.86,243
-1
2,3153.00,3239.09,219
0,3160,3312,238
0,3160.00,3311.59,238
-1
2,3154.00,3239.85,220
0,3152,3242,221
0,3152.00,3241.60,221
-1
-1
1,3153.00,3242.72,221
-1
1,3153.00,3242.58,222
-1
1,3154.00,3242.19,222
-1
1,3153.00,3242.07,221
-1
1,3154.00,3241.86,221
-1
1,3154.00,3243.11,222
-1
1,3153.00,3243.95,223
-1
1,3153.00,3243.79,224
0,3153,3242,223
0,3153.00,3241.75,223
-1
0,3154,3243,221
0,3154.00,3243.16,221
-1
0,3155,3243,221
0,3155.00,3242.73,221
-1
0,3155,3242,221
0,3155.00,3242.02,221
-1
0,3122,3320,245
0,3122.00,3320.38,245
-1
2,3154.00,3241.26,221
0,3119,3319,247
0,3119.00,3318.69,247
-1
2,3153.00,3240.66,221
0,3120,3321,248
0,3120.00,3321.15,248
-1
2,3153.00,3241.06,222
0,3123,3322,250
0,3123.00,3321.94,250
-1
2,3153.00,3241.54,223
0,3116,3319,250
0,3116.00,3318.59,250
-1
2,3152.00,3242.01,222
0,3118,3319,251
0,3118.00,3319.34,251
-1
2,3152.00,3241.81,222
0,3117,3319,250
0,3117.00,3318.86,250
-1
2,3153.00,3241.04,220
0,3113,3315,256
0,3113.00,3315.41,256
-1
2,3153.00,3240.92,220
0,3112,3315,259
0,3112.00,3315.21,259
-1
2,3152.00,3241.35,218
0,3111,3317,259
0,3111.00,3316.83,259
-1
2,3152.00,3240.98,216
0,3113,3320,261
0,3113.00,3320.35,261
-1
2,3154.00,3241.16,215
-1
1,3154.00,3241.32,213
2,3105.00,3315.43,254
-1
1,3154.00,3241.16,213
2,3104.00,3314.59,254
-1
1,3154.00,3241.22,212
2,3097.00,3316.22,251
-1
1,3154.00,3241.60,211
2,3100.00,3316.53,247
-1
1,3154.00,3241.36,211
2,3102.00,3316.06,248
-1
1,3154.00,3241.29,212
2,3104.00,3314.70,253
-1
1,3154.00,3241.76,212
2,3102.00,3311.54,251
-1
1,3155.00,3242.35,212
2,3102.00,3309.86,251
-1
1,3153.00,3241.17,215
2,3101.00,3311.59,249
0,3099,3309,253
0,3099.00,3308.60,253
-1
2,3152.00,3241.55,216
0,3151,3241,214
0,3151.00,3241.46,214
-1
0,3095,3307,249
0,3095.00,3307.04,249
-1
2,3151.00,3241.78,214
0,3096,3308,247
0,3096.00,3307.64,247
-1
2,3150.00,3241.30,214
0,3150,3242,213
0,3150.00,3241.65,213
-1
0,3150,3242,213
0,3150.00,3241.80,213
-1
0,3150,3242,214
0,3150.00,3241.87,214
-1
0,3150,3242,211
0,3150.00,3242.09,211
-1
0,3150,3243,211
0,3150.00,3243.02,211
-1
-1
1,3149.00,3242.13,214
2,3097.00,3299.89,248
0,3149,3242,214
0,3149.00,3241.74,214
-1
1,3099.00,3298.17,249
0,3149,3242,215
0,3149.00,3241.79,215
-1
1,3100.00,3298.34,248
-1
1,3149.00,3241.01,215
2,3100.00,3300.05,246
-1
1,3149.00,3241.09,214
2,3100.00,3301.29,246
0,3150,3242,213
0,3150.00,3241.62,213
-1
2,3101.00,3302.00,248
-1
1,3150.00,3241.68,213
2,3100.00,3302.61,249
0,3150,3242,213
0,3150.00,3242.15,213
-1
2,3098.00,3304.00,250
0,3149,3242,213
0,3149.00,3241.93,213
-1
2,3097.00,3303.54,247
-1
1,3148.00,3240.97,212
2,3098.00,3300.82,251
-1
1,3148.00,3241.46,212
2,3098.00,3301.18,248
0,3098,3300,252
0,3098.00,3300.24,252
-1
2,3149.00,3241.83,212
-1
1,3149.00,3241.09,211
2,3099.00,3301.04,249
-1
1,3149.00,3242.06,212
2,3099.00,3302.50,246
-1
1,3149.00,3240.59,212
2,3100.00,3302.24,246
-1
1,3149.00,3240.34,212
2,3100.00,3303.15,247
-1
1,3149.00,3240.42,210
2,3099.00,3302.08,244
-1
1,3149.00,3240.86,210
2,3098.00,3301.12,244
-1
1,3149.00,3241.99,212
2,3099.00,3299.48,247
0,3096,3299,249
0,3096.00,3298.64,249
-1
2,3148.00,3241.76,215
-1
1,3149.00,3240.90,217
2,3098.00,3300.23,250
0,3097,3300,253
0,3097.00,3300.07,253
-1
2,3149.00,3241.51,216
0,3097,3300,253
0,3097.00,3300.48,253
-1
2,3148.00,3241.11,215
-1
1,3149.00,3241.95,214
2,3097.00,3301.05,252
0,3098,3301,254
0,3098.00,3301.12,254
-1
2,3149.00,3241.57,216
-1
1,3149.00,3241.08,215
2,3097.00,3301.09,253
0,3097,3301,253
0,3097.00,3300.74,253
-1
2,3149.00,3242.22,214
0,3097,3301,255
0,3097.00,3300.98,255
-1
2,3149.00,3242.88,214
0,3097,3302,256
0,3097.00,3301.96,256
-1
2,3148.00,3241.15,212
0,3148,3241,212
0,3148.00,3241.42,212
-1
0,3148,3242,211
0,3148.00,3241.82,211
-1
0,3100,3300,258
0,3100.00,3299.85,258
-1
2,3149.00,3242.40,212
0,3148,3241,212
0,3148.00,3241.23,212
-1
0,3103,3300,256
0,3103.00,3299.74,256
-1
1,3149.00,3242.03,212
0,3149,3242,212
0,3149.00,3242.15,212
-1
2,3100.00,3299.35,255
0,3149,3242,214
0,3149.00,3242.02,214
-1
2,3099.00,3298.92,255
0,3098,3299,252
0,3098.00,3299.11,252
-1
1,3149.00,3241.76,213
0,3100,3299,254
0,3100.00,3299.06,254
-1
1,3148.00,3241.28,214
0,3149,3242,215
0,3149.00,3242.07,215
-1
2,3100.00,3298.60,253
0,3099,3298,255
0,3099.00,3297.77,255
-1
1,3149.00,3243.23,217
-1
1,3149.00,3243.45,215
0,3100,3298,254
0,3100.00,3298.14,254
-1
2,3149.00,3243.28,216
0,3099,3299,253
0,3099.00,3298.79,253
-1
1,3149.00,3242.76,216
0,3098,3298,255
0,3098.00,3297.87,255
-1
1,3149.00,3243.54,214
0,3148,3243,215
0,3148.00,3242.81,215
-1
0,3149,3242,216
0,3149.00,3241.94,216
-1
2,3096.00,3297.59,254
0,3149,3242,218
0,3149.00,3242.00,218
-1
2,3096.00,3299.03,254
0,3149,3244,217
0,3149.00,3243.86,217
-1
2,3097.00,3300.11,254
0,3149,3242,216
0,3149.00,3242.05,216
-1
2,3098.00,3299.66,254
0,3149,3242,215
0,3149.00,3242.27,215
-1
1,3095.00,3299.03,255
0,3148,3242,217
0,3148.00,3241.78,217
-1
1,3096.00,3296.43,258
-1
1,3147.00,3241.83,217
2,3097.00,3297.37,257
0,3098,3298,258
0,3098.00,3298.19,258
-1
2,3146.00,3242.87,217
0,3096,3299,256
0,3096.00,3298.84,256
-1
2,3146.00,3243.79,218
0,3146,3243,218
0,3146.00,3243.27,218
-1
2,3096.00,3298.76,255
-1
1,3096.00,3299.81,256
2,3147.00,3243.02,217
0,3096,3299,257
0,3096.00,3299.35,257
-1
2,3147.00,3242.60,216
-1
1,3096.00,3299.41,258
2,3146.00,3242.76,216
-1
1,3093.00,3300.56,257
2,3147.00,3243.62,215
-1
1,3093.00,3299.75,256
2,3146.00,3241.77,215
-1
1,3093.00,3299.27,256
2,3147.00,3242.23,216
0,3148,3242,216
0,3148.00,3241.94,216
-1
2,3093.00,3300.62,254
0,3148,3242,216
0,3148.00,3241.53,216
-1
1,3095.00,3301.56,251
0,3148,3241,214
0,3148.00,3241.36,214
-1
1,3094.00,3301.15,253
0,3148,3241,214
0,3148.00,3240.98,214
-1
1,3094.00,3301.54,252
0,3148,3241,214
0,3148.00,3240.97,214
-1
2,3091.00,3299.60,253
0,3148,3242,215
0,3148.00,3241.58,215
-1
1,3090.00,3299.52,249
0,3149,3241,215
0,3149.00,3240.78,215
-1
1,3091.00,3299.22,249
0,3148,3242,215
0,3148.00,3241.79,215
-1
1,3092.00,3299.42,249
0,3148,3242,217
0,3148.00,3241.83,217
-1
1,3092.00,3299.72,249
0,3148,3242,217
0,3148.00,3241.54,217
-1
2,3092.00,3301.16,250
0,3148,3242,215
0,3148.00,3241.76,215
-1
1,3092.00,3301.04,248
0,3148,3242,216
0,3148.00,3242.18,216
-1
1,3092.00,3299.70,247
0,3148,3243,216
0,3148.00,3242.84,216
-1
1,3091.00,3299.41,248
0,3147,3242,217
0,3147.00,3241.69,217
-1
1,3091.00,3298.70,250
0,3093,3300,250
0,3093.00,3300.32,250
-1
1,3149.00,3241.20,216
0,3148,3241,217
0,3148.00,3240.61,217
-1
1,3090.00,3299.92,250
0,3148,3241,216
0,3148.00,3240.84,216
-1
1,3090.00,3297.87,249
0,3147,3241,216
0,3147.00,3241.02,216
-1
1,3089.00,3297.98,251
-1
1,3090.00,3298.25,252
2,3147.00,3242.39,215
0,3148,3241,214
0,3148.00,3240.89,214
-1
1,3091.00,3300.10,259
-1
1,3094.00,3300.72,257
2,3148.00,3241.35,216
-1
1,3093.00,3299.02,258
2,3147.00,3242.15,216
-1
1,3092.00,3298.25,255
2,3147.00,3242.49,215
0,3147,3241,216
0,3147.00,3241.43,216
-1
2,3092.00,3299.13,254
0,3148,3242,216
0,3148.00,3242.25,216
-1
2,3091.00,3300.03,254
0,3148,3241,215
0,3148.00,3241.01,215
-1
1,3091.00,3300.57,251
0,3148,3242,214
0,3148.00,3241.75,214
-1
2,3095.00,3300.73,254
0,3148,3243,215
0,3148.00,3242.67,215
-1
2,3095.00,3300.67,254
-1
1,3096.00,3300.31,256
2,3148.00,3243.38,216
-1
1,3094.00,3299.35,256
2,3148.00,3242.83,216
0,3147,3242,216
0,3147.00,3242.16,216
-1
2,3096.00,3300.58,252
0,3147,3242,214
0,3147.00,3241.93,214
-1
2,3096.00,3301.32,253
0,3147,3243,213
0,3147.00,3242.95,213
-1
2,3094.00,3301.27,252
0,3148,3243,213
0,3148.00,3242.75,213
-1
2,3094.00,3300.92,251
0,3149,3242,211
0,3149.00,3241.89,211
-1
2,3093.00,3300.55,250
0,3148,3242,212
0,3148.00,3241.55,212
-1
2,3094.00,3300.40,254
0,3148,3241,211
0,3148.00,3240.89,211
-1
2,3094.00,3300.15,255
0,3148,3241,213
0,3148.00,3240.77,213
-1
2,3094.00,3300.07,254
0,3148,3241,212
0,3148.00,3241.14,212
-1
2,3094.00,3298.93,253
0,3148,3241,210
0,3148.00,3240.92,210
-1
2,3095.00,3299.24,254
0,3148,3241,210
0,3148.00,3241.01,210
-1
2,3097.00,3298.79,255
0,3148,3241,210
0,3148.00,3241.50,210
-1
2,3098.00,3300.30,253
0,3147,3240,211
0,3147.00,3240.44,211
-1
2,3096.00,3298.00,253
0,3148,3241,211
0,3148.00,3240.51,211
-1
2,3094.00,3299.62,253
-1
1,3148.00,3241.24,212
2,3096.00,3301.62,253
-1
1,3148.00,3241.07,212
2,3097.00,3302.24,255
0,3098,3302,252
0,3098.00,3302.19,252
-1
1,3149.00,3241.86,213
0,3149,3241,211
0,3149.00,3241.33,211
-1
2,3099.00,3300.29,251
0,3149,3243,212
0,3149.00,3243.38,212
-1
2,3102.00,3300.45,253
0,3103,3302,259
0,3103.00,3301.54,259
-1
2,3151.00,3241.61,213
0,3149,3241,213
0,3149.00,3241.27,213
-1
1,3105.00,3300.88,258
-1
1,3149.00,3241.93,211
2,3104.00,3300.49,258
0,3104,3299,257
0,3104.00,3298.71,257
-1
1,3149.00,3241.87,211
0,3148,3242,211
0,3148.00,3241.68,211
-1
1,3101.00,3299.79,258
0,3148,3242,211
0,3148.00,3242.22,211
-1
1,3098.00,3302.00,257
0,3148,3242,210
0,3148.00,3242.03,210
-1
1,3097.00,3301.25,251
0,3148,3242,212
0,3148.00,3242.05,212
-1
1,3095.00,3302.41,255
0,3147,3243,214
0,3147.00,3242.52,214
-1
1,3094.00,3302.95,260
0,3148,3244,215
0,3148.00,3243.95,215
-1
2,3088.00,3301.62,260
0,3148,3243,216
0,3148.00,3242.95,216
-1
2,3087.00,3299.28,261
0,3087,3297,258
0,3087.00,3296.89,258
-1
1,3149.00,3243.66,216
0,3148,3243,215
0,3148.00,3243.32,215
-1
1,3087.00,3295.83,257
0,3147,3243,214
0,3147.00,3243.28,214
-1
1,3089.00,3296.40,259
0,3147,3243,214
0,3147.00,3243.30,214
-1
2,3087.00,3297.38,260
0,3148,3243,213
0,3148.00,3243.37,213
-1
2,3087.00,3297.95,260
0,3148,3242,213
0,3148.00,3242.19,213
-1
2,3087.00,3297.34,263
0,3149,3243,212
0,3149.00,3243.46,212
-1
2,3088.00,3297.84,262
0,3148,3243,212
0,3148.00,3243.31,212
-1
2,3091.00,3297.92,263
0,3149,3243,211
0,3149.00,3243.23,211
-1
2,3092.00,3297.63,261
-1
1,3090.00,3299.41,257
2,3149.00,3244.20,212
-1
1,3086.00,3298.04,256
2,3149.00,3243.14,213
-1
1,3087.00,3298.34,256
2,3148.00,3242.40,212
-1
1,3087.00,3299.63,254
2,3149.00,3243.32,212
0,3148,3243,213
0,3148.00,3242.72,213
-1
1,3087.00,3298.83,254
0,3149,3244,212
0,3149.00,3243.68,212
-1
1,3088.00,3299.68,259
0,3148,3243,212
0,3148.00,3242.65,212
-1
1,3086.00,3299.08,255
-1
1,3148.00,3242.66,211
2,3087.00,3299.29,253
0,3147,3243,214
0,3147.00,3242.70,214
-1
1,3085.00,3298.87,254
-1
1,3147.00,3242.80,213
3,3085.00,3300.20,257
0,3089,3300,255
0,3089.00,3300.06,255
-1
2,3150.00,3242.77,213
0,3090,3299,253
0,3090.00,3298.91,253
-1
2,3149.00,3241.31,213
0,3090,3299,251
0,3090.00,3299.33,251
-1
2,3149.00,3242.35,214
-1
1,3148.00,3241.80,214
2,3091.00,3299.85,251
0,3149,3243,212
0,3149.00,3243.08,212
-1
1,3091.00,3299.73,253
0,3148,3243,212
0,3148.00,3242.56,212
-1
1,3088.00,3298.88,251
0,3087,3299,253
0,3087.00,3298.92,253
-1
1,3149.00,3241.31,213
0,3149,3241,212
0,3149.00,3241.14,212
-1
1,3086.00,3297.94,250
0,3149,3241,210
0,3149.00,3240.58,210
-1
1,3088.00,3299.15,248
0,3148,3242,210
0,3148.00,3241.79,210
-1
1,3090.00,3298.51,248
0,3149,3242,211
0,3149.00,3242.39,211
-1
1,3091.00,3299.10,249
0,3148,3242,209
0,3148.00,3241.91,209
-1
1,3093.00,3300.42,248
0,3094,3300,248
0,3094.00,3299.97,248
-1
1,3147.00,3242.09,209
0,3094,3299,249
0,3094.00,3298.59,249
-1
1,3147.00,3241.89,210
0,3093,3299,250
0,3093.00,3298.72,250
-1
1,3148.00,3242.47,211
0,3094,3299,251
0,3094.00,3298.68,251
-1
1,3147.00,3241.74,211
0,3096,3298,247
0,3096.00,3297.88,247
-1
1,3147.00,3242.06,210
0,3147,3243,210
0,3147.00,3242.53,210
-1
1,3097.00,3297.45,248
0,3147,3242,208
0,3147.00,3242.43,208
-1
1,3096.00,3298.40,244
0,3147,3242,209
0,3147.00,3241.62,209
-1
1,3099.00,3299.66,248
0,3146,3240,209
0,3146.00,3240.00,209
-1
1,3097.00,3297.36,246
0,3098,3298,251
0,3098.00,3298.48,251
-1
1,3147.00,3241.33,209
0,3100,3299,251
0,3100.00,3299.03,251
-1
1,3147.00,3240.69,211
0,3146,3243,210
0,3146.00,3242.89,210
-1
1,3100.00,3299.62,248
0,3147,3241,211
0,3147.00,3241.37,211
-1
1,3100.00,3299.81,250
0,3148,3241,212
0,3148.00,3240.90,212
-1
1,3100.00,3300.73,250
0,3148,3241,211
0,3148.00,3241.17,211
-1
1,3098.00,3300.01,249
0,3148,3241,210
0,3148.00,3240.91,210
-1
1,3098.00,3299.36,248
0,3148,3242,211
0,3148.00,3241.70,211
-1
1,3099.00,3299.49,247
0,3147,3241,211
0,3147.00,3240.69,211
-1
1,3101.00,3300.82,246
0,3150,3241,213
0,3150.00,3240.59,213
-1
1,3095.00,3300.35,249
-1
1,3149.00,3239.43,213
2,3096.00,3299.56,249
0,3150,3241,212
0,3150.00,3240.51,212
-1
1,3096.00,3298.35,250
-1
1,3149.00,3240.49,212
2,3097.00,3297.92,250
0,3150,3241,212
0,3150.00,3240.83,212
-1
1,3091.00,3296.30,248
0,3150,3240,209
0,3150.00,3240.37,209
-1
1,3092.00,3297.50,249
0,3150,3240,209
0,3150.00,3240.26,209
-1
1,3091.00,3297.35,248
0,3150,3241,211
0,3150.00,3240.75,211
-1
1,3095.00,3299.51,246
0,3150,3240,210
0,3150.00,3239.97,210
-1
1,3095.00,3299.07,247
0,3149,3241,210
0,3149.00,3240.75,210
-1
1,3096.00,3297.69,247
0,3149,3240,209
0,3149.00,3240.12,209
-1
1,3095.00,3297.15,248
0,3149,3240,209
0,3149.00,3239.97,209
-1
1,3093.00,3297.82,247
0,3150,3241,209
0,3150.00,3240.62,209
-1
1,3094.00,3298.57,247
0,3150,3240,208
0,3150.00,3240.40,208
-1
1,3095.00,3298.31,249
0,3150,3241,208
0,3150.00,3240.51,208
-1
1,3095.00,3298.07,247
0,3149,3240,210
0,3149.00,3240.32,210
-1
1,3095.00,3297.08,248
0,3149,3240,210
0,3149.00,3240.24,210
-1
1,3095.00,3296.95,248
0,3150,3241,211
0,3150.00,3241.47,211
-1
1,3095.00,3297.65,249
0,3150,3242,209
0,3150.00,3241.67,209
-1
1,3095.00,3297.41,249
0,3149,3241,209
0,3149.00,3241.46,209
-1
1,3091.00,3296.42,248
0,3149,3241,210
0,3149.00,3240.62,210
-1
1,3091.00,3295.71,248
0,3149,3240,209
0,3149.00,3240.37,209
-1
1,3092.00,3295.90,250
0,3150,3241,211
0,3150.00,3241.03,211
-1
1,3093.00,3296.37,247
0,3149,3241,212
0,3149.00,3241.30,212
-1
1,3094.00,3296.61,248
0,3149,3242,212
0,3149.00,3242.05,212
-1
1,3093.00,3296.94,248
0,3149,3242,211
0,3149.00,3242.24,211
-1
1,3092.00,3296.01,250
0,3149,3241,210
0,3149.00,3241.18,210
-1
1,3094.00,3297.54,249
0,3149,3242,211
0,3149.00,3242.14,211
-1
1,3092.00,3296.53,252
0,3150,3243,211
0,3150.00,3243.27,211
-1
1,3092.00,3297.39,250
0,3149,3242,212
0,3149.00,3241.69,212
-1
1,3092.00,3297.21,252
0,3149,3241,211
0,3149.00,3241.06,211
-1
1,3094.00,3297.84,258
0,3093,3297,259
0,3093.00,3297.45,259
-1
1,3150.00,3241.25,211
0,3096,3296,256
0,3096.00,3296.48,256
-1
1,3150.00,3239.95,209
0,3095,3296,254
0,3095.00,3296.34,254
-1
1,3150.00,3239.87,208
0,3095,3296,252
0,3095.00,3295.84,252
-1
1,3150.00,3241.24,210
0,3150,3241,210
0,3150.00,3241.09,210
-1
1,3095.00,3296.31,252
0,3149,3240,212
0,3149.00,3239.86,212
-1
1,3096.00,3298.25,250
0,3148,3241,212
0,3148.00,3241.26,212
-1
1,3093.00,3298.50,250
0,3093,3298,252
0,3093.00,3297.90,252
-1
1,3147.00,3241.95,208
0,3091,3297,251
0,3091.00,3297.18,251
-1
1,3146.00,3241.61,208
0,3091,3298,253
0,3091.00,3297.66,253
-1
1,3146.00,3241.58,208
0,3089,3296,255
0,3089.00,3296.30,255
-1
1,3146.00,3240.88,209
0,3090,3297,257
0,3090.00,3296.50,257
-1
1,3145.00,3238.73,208
0,3089,3295,253
0,3089.00,3294.87,253
-1
1,3144.00,3238.29,206
0,3091,3296,254
0,3091.00,3295.66,254
-1
1,3144.00,3238.89,208
0,3090,3296,254
0,3090.00,3296.14,254
-1
1,3145.00,3241.25,209
0,3089,3296,255
0,3089.00,3295.70,255
-1
1,3144.00,3241.18,208
0,3089,3295,253
0,3089.00,3295.47,253
-1
1,3144.00,3242.29,213
0,3092,3297,251
0,3092.00,3296.76,251
-1
1,3144.00,3242.37,210
0,3092,3296,249
0,3092.00,3295.88,249
-1
1,3143.00,3240.28,211
0,3092,3296,249
0,3092.00,3295.75,249
-1
1,3144.00,3241.50,210
0,3145,3240,209
0,3145.00,3240.28,209
-1
1,3093.00,3295.68,251
0,3145,3239,209
0,3145.00,3239.28,209
-1
1,3093.00,3297.50,247
0,3145,3240,208
0,3145.00,3240.25,208
-1
1,3095.00,3297.21,246
0,3144,3239,209
0,3144.00,3239.47,209
-1
1,3091.00,3296.61,246
0,3091,3296,251
0,3091.00,3296.13,251
-1
1,3144.00,3240.08,208
0,3089,3296,252
0,3089.00,3296.10,252
-1
1,3143.00,3240.83,208
0,3087,3296,249
0,3087.00,3295.82,249
-1
1,3143.00,3240.95,208
0,3087,3296,248
0,3087.00,3295.67,248
-1
1,3142.00,3242.19,207
0,3087,3295,250
0,3087.00,3295.03,250
-1
1,3142.00,3242.69,209
0,3090,3295,254
0,3090.00,3294.55,254
-1
1,3142.00,3245.78,209
0,3091,3296,256
0,3091.00,3295.82,256
-1
1,3142.00,3242.88,212
0,3089,3294,253
0,3089.00,3294.46,253
-1
1,3143.00,3243.77,210
0,3089,3295,247
0,3089.00,3294.93,247
-1
1,3143.00,3243.12,208
0,3090,3295,248
0,3090.00,3294.74,248
-1
1,3144.00,3243.39,208
0,3092,3295,250
0,3092.00,3295.20,250
-1
1,3146.00,3242.26,205
0,3091,3295,248
0,3091.00,3294.94,248
-1
1,3146.00,3242.13,206
0,3091,3296,247
0,3091.00,3296.03,247
-1
1,3145.00,3242.17,206
0,3095,3295,246
0,3095.00,3294.84,246
-1
1,3145.00,3241.77,205
0,3096,3297,247
0,3096.00,3296.58,247
-1
1,3145.00,3240.79,206
0,3098,3299,251
0,3098.00,3299.21,251
-1
1,3144.00,3240.97,206
0,3095,3302,251
0,3095.00,3302.08,251
-1
1,3145.00,3241.38,205
0,3092,3299,254
0,3092.00,3299.19,254
-1
1,3146.00,3241.84,205
0,3090,3296,259
0,3090.00,3296.41,259
-1
1,3146.00,3242.05,204
0,3092,3297,255
0,3092.00,3296.59,255
-1
1,3146.00,3242.03,203
0,3091,3296,253
0,3091.00,3295.94,253
-1
1,3147.00,3242.34,204
0,3090,3296,251
0,3090.00,3295.87,251
-1
1,3148.00,3242.30,205
0,3090,3295,252
0,3090.00,3294.85,252
-1
1,3148.00,3241.64,206
0,3091,3297,255
0,3091.00,3296.59,255
-1
1,3148.00,3241.65,206
0,3090,3295,257
0,3090.00,3295.19,257
-1
1,3149.00,3241.82,206
0,3091,3295,260
0,3091.00,3295.42,260
-1
1,3148.00,3241.49,204
0,3091,3295,259
0,3091.00,3295.40,259
-1
1,3148.00,3242.56,205
0,3096,3297,256
0,3096.00,3297.11,256
-1
1,3148.00,3243.30,207
0,3095,3298,251
0,3095.00,3298.48,251
-1
1,3148.00,3242.15,208
0,3095,3299,252
0,3095.00,3298.91,252
-1
1,3148.00,3242.72,208
0,3093,3298,249
0,3093.00,3298.34,249
-1
1,3148.00,3241.99,206
0,3092,3299,249
0,3092.00,3298.56,249
-1
1,3148.00,3242.60,207
0,3093,3299,253
0,3093.00,3298.51,253
-1
1,3148.00,3241.95,208
0,3093,3299,252
0,3093.00,3298.66,252
-1
1,3148.00,3242.80,207
0,3095,3298,254
0,3095.00,3298.08,254
-1
1,3148.00,3242.68,206
0,3092,3298,253
0,3092.00,3297.65,253
-1
1,3148.00,3241.19,207
0,3090,3298,252
0,3090.00,3298.41,252
-1
1,3148.00,3241.81,210
0,3090,3297,256
0,3090.00,3296.79,256
-1
1,3148.00,3241.72,209
0,3092,3298,253
0,3092.00,3297.91,253
-1
1,3148.00,3241.59,206
0,3095,3298,257
0,3095.00,3298.12,257
-1
1,3147.00,3242.56,206
0,3096,3297,258
0,3096.00,3297.42,258
-1
1,3148.00,3243.40,206
0,3095,3298,255
0,3095.00,3297.94,255
-1
1,3148.00,3243.52,207
0,3094,3298,254
0,3094.00,3297.64,254
-1
1,3148.00,3243.92,205
0,3093,3298,254
0,3093.00,3297.57,254
-1
1,3149.00,3244.48,205
0,3149,3243,206
0,3149.00,3243.49,206
-1
1,3092.00,3298.33,252
0,3149,3243,205
0,3149.00,3243.46,205
-1
1,3095.00,3299.63,253
0,3149,3244,206
0,3149.00,3243.93,206
-1
1,3095.00,3298.67,256
0,3093,3298,255
0,3093.00,3297.66,255
-1
1,3148.00,3242.98,207
0,3093,3297,256
0,3093.00,3297.06,256
-1
1,3148.00,3243.74,207
0,3148,3244,206
0,3148.00,3243.93,206
-1
1,3092.00,3296.59,255
0,3149,3244,204
0,3149.00,3244.07,204
-1
1,3095.00,3297.93,252
0,3149,3243,204
0,3149.00,3243.30,204
-1
1,3095.00,3297.03,257
0,3149,3243,203
0,3149.00,3243.43,203
-1
1,3094.00,3296.72,257
0,3149,3244,203
0,3149.00,3243.52,203
-1
1,3091.00,3295.16,253
0,3149,3243,204
0,3149.00,3242.75,204
-1
1,3090.00,3295.58,253
0,3148,3243,206
0,3148.00,3242.56,206
-1
1,3090.00,3298.26,254
0,3149,3243,204
0,3149.00,3242.58,204
-1
1,3090.00,3296.80,249
0,3149,3243,205
0,3149.00,3242.73,205
-1
1,3089.00,3295.93,248
0,3149,3243,204
0,3149.00,3242.53,204
-1
1,3090.00,3295.26,247
0,3149,3243,204
0,3149.00,3242.67,204
-1
1,3091.00,3294.26,248
0,3149,3242,205
0,3149.00,3242.18,205
-1
1,3091.00,3295.02,249
0,3149,3242,204
0,3149.00,3241.76,204
-1
1,3091.00,3293.72,250
0,3150,3242,205
0,3150.00,3242.19,205
-1
1,3093.00,3295.48,251
0,3149,3242,204
0,3149.00,3241.97,204
-1
1,3091.00,3293.84,250
0,3149,3242,204
0,3149.00,3242.25,204
-1
1,3090.00,3294.05,250
0,3148,3243,206
0,3148.00,3242.69,206
-1
1,3090.00,3293.91,255
0,3148,3242,207
0,3148.00,3241.68,207
-1
1,3087.00,3294.08,251
0,3148,3241,206
0,3148.00,3240.57,206
-1
1,3086.00,3293.37,249
0,3149,3241,205
0,3149.00,3240.73,205
-1
1,3091.00,3295.75,250
0,3148,3241,205
0,3148.00,3241.31,205
-1
1,3092.00,3296.23,250
0,3148,3241,205
0,3148.00,3241.18,205
-1
1,3090.00,3295.76,252
0,3148,3241,205
0,3148.00,3241.13,205
-1
1,3089.00,3295.91,254
0,3148,3241,205
0,3148.00,3241.43,205
-1
1,3089.00,3295.49,253
0,3149,3242,204
0,3149.00,3241.73,204
-1
1,3089.00,3295.08,249
0,3148,3242,203
0,3148.00,3241.99,203
-1
1,3090.00,3296.10,250
0,3149,3242,202
0,3149.00,3242.12,202
-1
1,3087.00,3294.43,250
0,3148,3242,205
0,3148.00,3241.55,205
-1
1,3088.00,3297.48,248
0,3148,3241,204
0,3148.00,3241.22,204
-1
1,3088.00,3296.95,250
0,3149,3242,205
0,3149.00,3241.60,205
-1
1,3089.00,3297.83,248
0,3150,3242,204
0,3150.00,3242.27,204
-1
1,3088.00,3297.93,247
0,3148,3242,204
0,3148.00,3242.26,204
-1
1,3090.00,3301.24,247
0,3148,3242,206
0,3148.00,3242.18,206
-1
1,3086.00,3300.47,253
0,3148,3242,205
0,3148.00,3241.69,205
-1
1,3088.00,3300.07,251
0,3148,3242,204
0,3148.00,3242.09,204
-1
1,3086.00,3298.70,252
0,3148,3242,205
0,3148.00,3241.79,205
-1
1,3084.00,3300.85,249
0,3148,3242,204
0,3148.00,3241.98,204
-1
1,3086.00,3300.04,249
0,3148,3243,204
0,3148.00,3242.75,204
-1
1,3087.00,3298.85,251
0,3089,3298,252
0,3089.00,3298.41,252
-1
1,3147.00,3242.27,204
0,3148,3242,203
0,3148.00,3242.22,203
-1
1,3091.00,3300.40,250
0,3147,3243,203
0,3147.00,3242.66,203
-1
1,3088.00,3297.18,247
0,3089,3296,251
0,3089.00,3296.00,251
-1
1,3146.00,3242.42,203
0,3092,3297,251
0,3092.00,3297.27,251
-1
1,3147.00,3242.44,204
0,3147,3242,204
0,3147.00,3241.76,204
-1
1,3091.00,3297.20,250
0,3091,3297,251
0,3091.00,3296.68,251
-1
1,3147.00,3242.58,204
0,3091,3295,254
0,3091.00,3295.41,254
-1
1,3146.00,3241.69,204
0,3148,3241,205
0,3148.00,3241.48,205
-1
1,3090.00,3296.94,252
0,3090,3298,251
0,3090.00,3297.67,251
-1
1,3148.00,3240.54,205
0,3149,3240,204
0,3149.00,3240.42,204
-1
1,3092.00,3297.92,249
0,3149,3241,203
0,3149.00,3241.09,203
-1
1,3093.00,3297.95,248
0,3148,3241,204
0,3148.00,3241.10,204
-1
1,3092.00,3295.85,247
0,3148,3241,203
0,3148.00,3240.77,203
-1
1,3093.00,3296.03,246
0,3148,3241,204
0,3148.00,3241.08,204
-1
1,3093.00,3295.87,247
0,3148,3242,205
0,3148.00,3241.50,205
-1
1,3091.00,3295.68,247
0,3148,3242,204
0,3148.00,3242.18,204
-1
1,3090.00,3294.77,244
0,3149,3242,203
0,3149.00,3242.02,203
-1
1,3091.00,3293.46,243
0,3148,3241,203
0,3148.00,3241.48,203
-1
1,3094.00,3294.95,242
0,3094,3294,241
0,3094.00,3294.25,241
-1
1,3148.00,3242.99,202
0,3148,3242,204
0,3148.00,3241.71,204
-1
1,3095.00,3296.14,243
0,3149,3242,203
0,3149.00,3242.28,203
-1
1,3095.00,3295.06,242
0,3148,3242,202
0,3148.00,3241.65,202
-1
1,3096.00,3295.41,240
0,3149,3242,203
0,3149.00,3241.73,203
-1
1,3099.00,3298.31,242
0,3149,3243,203
0,3149.00,3243.30,203
-1
1,3100.00,3299.23,242
0,3149,3242,204
0,3149.00,3242.17,204
-1
1,3100.00,3300.72,240
0,3149,3241,203
0,3149.00,3241.34,203
-1
1,3099.00,3300.30,242
0,3149,3241,205
0,3149.00,3241.29,205
-1
1,3098.00,3299.80,239
0,3149,3242,205
0,3149.00,3241.50,205
-1
1,3099.00,3298.72,239
0,3149,3242,205
0,3149.00,3242.28,205
-1
1,3099.00,3299.18,239
0,3149,3243,204
0,3149.00,3243.05,204
-1
1,3101.00,3300.51,239
0,3149,3243,204
0,3149.00,3242.85,204
-1
1,3101.00,3301.38,239
0,3150,3243,203
0,3150.00,3243.44,203
-1
1,3103.00,3302.74,241
0,3150,3244,204
0,3150.00,3244.18,204
-1
1,3100.00,3301.93,240
0,3149,3243,204
0,3149.00,3243.29,204
-1
1,3102.00,3303.17,241
0,3149,3243,204
0,3149.00,3243.01,204
-1
1,3101.00,3302.67,241
0,3149,3243,203
0,3149.00,3243.31,203
-1
1,3100.00,3302.11,241
0,3149,3243,203
0,3149.00,3242.93,203
-1
1,3099.00,3301.57,239
0,3150,3242,204
0,3150.00,3241.96,204
-1
1,3098.00,3300.35,244
0,3149,3241,206
0,3149.00,3240.67,206
-1
1,3100.00,3301.11,246
0,3150,3241,206
0,3150.00,3240.73,206
-1
1,3100.00,3299.52,246
0,3149,3241,207
0,3149.00,3240.83,207
-1
1,3099.00,3299.04,248
0,3149,3242,205
0,3149.00,3242.28,205
-1
1,3096.00,3299.92,245
0,3149,3241,205
0,3149.00,3240.65,205
-1
1,3095.00,3298.96,243
0,3149,3241,205
0,3149.00,3241.16,205
-1
1,3093.00,3299.55,242
0,3150,3242,205
0,3150.00,3242.47,205
-1
1,3093.00,3298.33,241
0,3150,3242,204
0,3150.00,3242.21,204
-1
1,3093.00,3299.26,242
0,3150,3242,204
0,3150.00,3241.75,204
-1
1,3094.00,3298.63,242
0,3149,3241,203
0,3149.00,3240.81,203
-1
1,3097.00,3298.14,244
0,3149,3241,204
0,3149.00,3240.61,204
-1
1,3097.00,3297.79,242
0,3149,3242,204
0,3149.00,3241.57,204
-1
1,3099.00,3301.05,245
0,3150,3242,204
0,3150.00,3242.13,204
-1
1,3095.00,3300.22,248
0,3150,3242,204
0,3150.00,3242.44,204
-1
1,3094.00,3301.83,248
0,3150,3243,204
0,3150.00,3243.43,204
-1
1,3092.00,3297.53,246
0,3089,3295,257
0,3089.00,3294.81,257
-1
1,3149.00,3241.92,205
0,3149,3242,206
0,3149.00,3241.79,206
-1
1,3090.00,3294.22,253
0,3091,3297,257
0,3091.00,3296.87,257
-1
1,3149.00,3242.16,207
0,3149,3241,206
0,3149.00,3241.26,206
-1
1,3088.00,3292.47,254
0,3088,3292,259
0,3088.00,3292.29,259
-1
1,3149.00,3242.79,207
0,3086,3291,259
0,3086.00,3290.70,259
-1
1,3149.00,3241.23,208
0,3088,3293,264
0,3088.00,3292.51,264
-1
1,3149.00,3241.09,208
0,3092,3295,262
0,3092.00,3294.83,262
-1
1,3149.00,3241.20,207
0,3090,3295,263
0,3090.00,3294.75,263
-1
1,3149.00,3241.23,207
0,3089,3295,263
0,3089.00,3295.17,263
-1
1,3148.00,3240.44,207
0,3086,3295,270
0,3086.00,3295.02,270
-1
1,3149.00,3239.77,208
0,3149,3240,207
0,3149.00,3239.86,207
-1
0,3082,3294,265
0,3082.00,3294.42,265
-1
1,3150.00,3241.01,205
0,3086,3296,269
0,3086.00,3296.15,269
-1
1,3150.00,3241.88,206
0,3087,3300,267
0,3087.00,3299.95,267
-1
1,3149.00,3239.98,209
0,3088,3299,267
0,3088.00,3299.30,267
-1
1,3148.00,3239.43,210
0,3148,3240,208
0,3148.00,3240.31,208
-1
0,3148,3240,209
0,3148.00,3240.28,209
-1
0,3089,3301,268
0,3089.00,3300.92,268
-1
1,3149.00,3240.92,207
0,3086,3300,264
0,3086.00,3300.23,264
-1
1,3149.00,3242.11,206
0,3085,3300,258
0,3085.00,3299.61,258
-1
1,3149.00,3241.53,206
0,3081,3299,256
0,3081.00,3298.74,256
-1
1,3149.00,3241.81,206
0,3149,3241,206
0,3149.00,3240.85,206
-1
1,3083.00,3298.99,255
0,3083,3298,255
0,3083.00,3298.06,255
-1
1,3149.00,3241.50,207
0,3084,3299,256
0,3084.00,3298.51,256
-1
1,3149.00,3241.95,208
0,3084,3299,257
0,3084.00,3298.65,257
-1
1,3148.00,3242.08,209
0,3086,3299,258
0,3086.00,3298.52,258
-1
1,3148.00,3240.60,207
0,3085,3297,260
0,3085.00,3297.21,260
-1
1,3148.00,3240.87,207
0,3083,3298,256
0,3083.00,3297.74,256
-1
1,3148.00,3241.28,205
0,3081,3297,258
0,3081.00,3296.65,258
-1
1,3149.00,3241.37,205
0,3084,3298,260
0,3084.00,3297.55,260
-1
1,3148.00,3240.89,206
0,3082,3298,261
0,3082.00,3298.08,261
-1
1,3148.00,3240.98,205
0,3149,3242,206
0,3149.00,3242.24,206
-1
1,3073.00,3297.28,262
0,3078,3297,264
0,3078.00,3297.45,264
-1
1,3149.00,3242.61,207
0,3083,3299,265
0,3083.00,3299.47,265
-1
1,3148.00,3242.88,207
0,3085,3299,265
0,3085.00,3298.54,265
-1
1,3149.00,3241.97,207
0,3089,3299,261
0,3089.00,3299.02,261
-1
1,3150.00,3243.24,208
0,3091,3300,260
0,3091.00,3299.94,260
-1
1,3149.00,3243.03,206
0,3092,3301,265
0,3092.00,3300.63,265
-1
1,3149.00,3242.76,207
0,3092,3299,264
0,3092.00,3298.70,264
-1
1,3149.00,3243.09,206
0,3149,3243,207
0,3149.00,3242.99,207
-1
1,3090.00,3296.83,259
0,3149,3243,206
0,3149.00,3242.61,206
-1
1,3093.00,3296.26,261
0,3149,3242,205
0,3149.00,3242.34,205
-1
1,3092.00,3296.11,259
0,3093,3296,262
0,3093.00,3296.07,262
-1
1,3148.00,3241.92,206
0,3149,3242,205
0,3149.00,3241.66,205
-1
1,3090.00,3295.98,263
0,3148,3241,206
0,3148.00,3241.08,206
-1
1,3089.00,3294.82,260
0,3149,3242,206
0,3149.00,3242.29,206
-1
1,3090.00,3296.26,259
0,3149,3243,206
0,3149.00,3242.97,206
-1
1,3090.00,3295.12,255
0,3149,3242,206
0,3149.00,3242.03,206
-1
1,3091.00,3294.55,251
0,3149,3241,206
0,3149.00,3241.34,206
-1
1,3092.00,3293.67,251
0,3149,3241,207
0,3149.00,3240.71,207
-1
1,3093.00,3295.39,253
0,3148,3241,206
0,3148.00,3240.95,206
-1
1,3093.00,3297.47,253
0,3149,3242,206
0,3149.00,3241.99,206
-1
1,3093.00,3297.42,251
0,3148,3242,206
0,3148.00,3241.62,206
-1
1,3095.00,3298.88,253
0,3093,3298,250
0,3093.00,3298.31,250
-1
1,3148.00,3241.78,206
0,3094,3298,251
0,3094.00,3297.99,251
-1
1,3149.00,3241.91,205
0,3092,3298,251
0,3092.00,3297.77,251
-1
1,3149.00,3241.82,206
0,3091,3297,248
0,3091.00,3297.33,248
-1
1,3149.00,3241.79,206
0,3150,3242,205
0,3150.00,3241.99,205
-1
1,3090.00,3297.07,247
0,3150,3241,203
0,3150.00,3241.00,203
-1
1,3090.00,3296.06,245
0,3149,3241,205
0,3149.00,3241.47,205
-1
1,3091.00,3295.86,247
0,3089,3295,248
0,3089.00,3294.68,248
-1
1,3149.00,3241.81,205
0,3149,3242,205
0,3149.00,3242.04,205
-1
1,3090.00,3293.39,247
0,3091,3294,249
0,3091.00,3293.63,249
-1
1,3148.00,3241.78,205
0,3092,3293,253
0,3092.00,3293.38,253
-1
1,3148.00,3242.30,205
0,3093,3292,252
0,3093.00,3292.40,252
-1
1,3148.00,3241.01,205
0,3092,3293,250
0,3092.00,3292.92,250
-1
1,3148.00,3242.34,205
0,3092,3294,249
0,3092.00,3293.83,249
-1
1,3148.00,3242.65,206
0,3093,3295,255
0,3093.00,3294.84,255
-1
1,3147.00,3242.41,205
0,3093,3295,253
0,3093.00,3294.80,253
-1
1,3148.00,3243.33,205
0,3148,3242,204
0,3148.00,3241.64,204
-1
1,3094.00,3296.04,253
0,3149,3243,204
0,3149.00,3243.38,204
-1
1,3096.00,3296.20,251
0,3149,3242,206
0,3149.00,3242.32,206
-1
1,3093.00,3295.66,249
0,3149,3243,205
0,3149.00,3242.85,205
-1
1,3093.00,3295.29,246
0,3150,3243,203
0,3150.00,3242.50,203
-1
1,3092.00,3293.39,250
0,3149,3241,205
0,3149.00,3240.88,205
-1
1,3092.00,3294.22,250
0,3150,3241,206
0,3150.00,3241.50,206
-1
1,3091.00,3294.79,247
0,3150,3241,205
0,3150.00,3241.29,205
-1
1,3092.00,3292.89,246
0,3150,3242,205
0,3150.00,3241.76,205
-1
1,3091.00,3292.85,244
0,3150,3242,206
0,3150.00,3242.12,206
-1
1,3089.00,3292.90,245
0,3150,3242,205
0,3150.00,3242.09,205
-1
1,3090.00,3294.85,243
0,3150,3244,206
0,3150.00,3243.50,206
-1
1,3091.00,3295.70,247
0,3149,3243,207
0,3149.00,3243.28,207
-1
1,3089.00,3294.06,252
0,3149,3243,207
0,3149.00,3242.71,207
-1
1,3091.00,3294.43,252
0,3149,3243,207
0,3149.00,3242.52,207
-1
1,3089.00,3292.92,252
0,3149,3242,207
0,3149.00,3241.83,207
-1
1,3088.00,3292.46,254
0,3149,3242,207
0,3149.00,3241.87,207
-1
1,3085.00,3291.92,248
0,3149,3242,207
0,3149.00,3241.97,207
-1
1,3087.00,3291.16,250
0,3149,3243,207
0,3149.00,3243.29,207
-1
1,3087.00,3290.71,250
0,3149,3243,208
0,3149.00,3242.51,208
-1
1,3088.00,3291.39,250
0,3149,3243,208
0,3149.00,3242.62,208
-1
1,3086.00,3290.41,248
0,3149,3241,206
0,3149.00,3241.44,206
-1
1,3087.00,3291.66,245
0,3149,3243,208
0,3149.00,3242.65,208
-1
1,3088.00,3291.93,247
0,3148,3243,208
0,3148.00,3242.91,208
-1
1,3088.00,3293.31,249
0,3089,3295,247
0,3089.00,3294.65,247
-1
1,3148.00,3243.58,209
0,3089,3295,243
0,3089.00,3295.36,243
-1
1,3147.00,3243.12,209
0,3089,3296,242
0,3089.00,3296.04,242
-1
1,3148.00,3243.86,210
0,3088,3295,246
0,3088.00,3294.91,246
-1
1,3147.00,3243.74,211
0,3090,3296,246
0,3090.00,3296.14,246
-1
1,3148.00,3243.92,210
0,3089,3297,243
0,3089.00,3297.48,243
-1
1,3149.00,3244.13,208
0,3089,3298,250
0,3089.00,3297.89,250
-1
1,3148.00,3243.98,211
0,3092,3298,249
0,3092.00,3298.38,249
-1
1,3148.00,3243.93,210
0,3092,3298,251
0,3092.00,3298.12,251
-1
1,3148.00,3244.23,208
0,3092,3299,252
0,3092.00,3298.56,252
-1
1,3149.00,3244.24,208
0,3094,3297,263
0,3094.00,3296.61,263
-1
1,3148.00,3243.43,210
0,3095,3298,261
0,3095.00,3298.13,261
-1
1,3147.00,3243.86,210
0,3095,3300,264
0,3095.00,3299.92,264
-1
1,3147.00,3243.94,211
0,3093,3299,266
0,3093.00,3299.22,266
-1
1,3147.00,3243.18,213
0,3148,3245,212
0,3148.00,3244.60,212
-1
0,3148,3243,212
0,3148.00,3243.04,212
-1
0,3091,3300,266
0,3091.00,3299.98,266
-1
1,3148.00,3243.91,211
0,3147,3244,209
0,3147.00,3244.08,209
-1
0,3147,3244,211
0,3147.00,3244.22,211
-1
0,3147,3243,213
0,3147.00,3243.07,213
-1
0,3147,3245,213
0,3147.00,3244.94,213
-1
0,3147,3244,213
0,3147.00,3244.03,213
-1
0,3146,3245,213
0,3146.00,3245.11,213
-1
0,3146,3245,214
0,3146.00,3244.62,214
-1
0,3094,3303,266
0,3094.00,3303.48,266
-1
1,3146.00,3244.27,215
0,3095,3303,267
0,3095.00,3303.41,267
-1
1,3146.00,3244.84,215
0,3097,3303,267
0,3097.00,3303.34,267
-1
1,3146.00,3244.66,214
0,3094,3303,263
0,3094.00,3302.55,263
-1
1,3146.00,3243.68,214
0,3096,3302,264
0,3096.00,3302.12,264
-1
1,3145.00,3245.31,215
0,3092,3304,263
0,3092.00,3303.87,263
-1
1,3146.00,3245.67,216
0,3094,3305,257
0,3094.00,3304.89,257
-1
1,3146.00,3244.26,218
0,3092,3304,255
0,3092.00,3303.96,255
-1
1,3146.00,3244.47,218
0,3091,3304,256
0,3091.00,3304.00,256
-1
1,3146.00,3245.27,219
0,3146,3245,220
0,3146.00,3244.91,220
-1
0,3093,3305,250
0,3093.00,3304.54,250
-1
1,3146.00,3245.20,220
0,3095,3304,252
0,3095.00,3304.15,252
-1
1,3146.00,3245.80,219
0,3098,3303,250
0,3098.00,3302.90,250
-1
1,3146.00,3245.95,220
0,3098,3304,251
0,3098.00,3303.76,251
-1
1,3146.00,3244.92,219
0,3121,3297,210
0,3121.00,3297.24,210
-1
1,3145.00,3244.90,221
0,3120,3297,211
0,3120.00,3296.55,211
-1
1,3145.00,3244.93,221
0,3122,3297,209
0,3122.00,3297.04,209
-1
1,3147.00,3243.77,222
0,3120,3298,210
0,3120.00,3298.19,210
-1
1,3147.00,3243.26,222
0,3146,3244,223
0,3146.00,3243.82,223
-1
1,3120.00,3297.62,210
0,3145,3243,223
0,3145.00,3242.67,223
-1
1,3119.00,3297.86,210
0,3146,3244,223
0,3146.00,3243.62,223
-1
1,3119.00,3297.54,211
0,3146,3243,224
0,3146.00,3242.64,224
-1
1,3119.00,3298.39,211
0,3120,3298,210
0,3120.00,3298.44,210
-1
1,3146.00,3243.59,224
0,3145,3242,223
0,3145.00,3242.48,223
-1
1,3120.00,3298.49,209
0,3145,3242,223
0,3145.00,3242.27,223
-1
1,3120.00,3298.24,210
0,3146,3243,222
0,3146.00,3243.04,222
-1
1,3120.00,3298.05,210
0,3146,3243,223
0,3146.00,3243.43,223
-1
1,3120.00,3298.55,210
0,3146,3243,223
0,3146.00,3242.81,223
-1
1,3119.00,3298.05,210
0,3146,3244,221
0,3146.00,3243.51,221
-1
1,3120.00,3297.97,210
0,3120,3298,210
0,3120.00,3297.76,210
-1
1,3145.00,3244.07,220
0,3119,3297,210
0,3119.00,3297.02,210
-1
1,3145.00,3244.21,219
0,3121,3298,211
0,3121.00,3298.04,211
-1
1,3145.00,3243.68,221
0,3121,3297,211
0,3121.00,3297.24,211
-1
1,3145.00,3243.46,219
0,3121,3297,212
0,3121.00,3297.27,212
-1
1,3146.00,3242.51,218
0,3093,3301,246
0,3093.00,3301.34,246
-1
1,3146.00,3242.89,217
0,3095,3301,248
0,3095.00,3300.96,248
-1
1,3146.00,3242.90,217
0,3096,3300,247
0,3096.00,3300.13,247
-1
1,3146.00,3242.86,217
0,3122,3296,210
0,3122.00,3296.04,210
-1
1,3146.00,3243.52,217
0,3146,3243,217
0,3146.00,3243.47,217
-1
0,3145,3244,214
0,3145.00,3243.86,214
-1
0,3146,3244,212
0,3146.00,3243.92,212
-1
0,3148,3244,212
0,3148.00,3244.19,212
-1
0,3148,3244,211
0,3148.00,3243.76,211
-1
0,3147,3244,210
0,3147.00,3243.63,210
-1
0,3146,3243,211
0,3146.00,3243.40,211
-1
0,3147,3243,210
0,3147.00,3243.43,210
-1
0,3101,3299,268
0,3101.00,3299.21,268
-1
1,3148.00,3242.82,212
0,3103,3299,265
0,3103.00,3299.31,265
-1
1,3149.00,3243.75,211
0,3102,3299,263
0,3102.00,3299.34,263
-1
1,3148.00,3242.59,210
0,3099,3299,260
0,3099.00,3299.01,260
-1
1,3149.00,3242.92,210
0,3149,3244,210
0,3149.00,3244.48,210
-1
0,3097,3299,261
0,3097.00,3298.96,261
-1
1,3148.00,3244.38,209
0,3099,3300,256
0,3099.00,3299.84,256
-1
1,3148.00,3243.29,211
0,3099,3300,259
0,3099.00,3300.19,259
-1
1,3147.00,3243.97,211
0,3099,3301,259
0,3099.00,3300.67,259
-1
1,3146.00,3243.38,210
0,3098,3299,254
0,3098.00,3299.13,254
-1
1,3147.00,3244.17,209
0,3098,3299,253
0,3098.00,3299.42,253
-1
1,3148.00,3244.82,209
0,3099,3300,252
0,3099.00,3299.67,252
-1
1,3148.00,3244.02,208
0,3097,3301,252
0,3097.00,3300.76,252
-1
1,3148.00,3243.52,208
0,3095,3300,250
0,3095.00,3300.13,250
-1
1,3149.00,3245.38,210
0,3094,3300,247
0,3094.00,3300.29,247
-1
1,3148.00,3245.03,209
0,3096,3302,246
0,3096.00,3301.78,246
-1
1,3148.00,3243.09,208
0,3094,3301,246
0,3094.00,3300.59,246
-1
1,3149.00,3243.25,208
0,3094,3300,245
0,3094.00,3300.46,245
-1
1,3149.00,3242.07,208
0,3094,3300,247
0,3094.00,3300.41,247
-1
1,3149.00,3242.21,208
0,3098,3302,247
0,3098.00,3301.60,247
-1
1,3149.00,3242.44,210
0,3096,3300,243
0,3096.00,3299.83,243
-1
1,3147.00,3242.05,208
0,3098,3300,243
0,3098.00,3300.28,243
-1
1,3148.00,3242.95,208
0,3097,3300,240
0,3097.00,3300.16,240
-1
1,3149.00,3242.45,207
0,3095,3300,244
0,3095.00,3300.28,244
-1
1,3149.00,3243.18,208
0,3096,3300,247
0,3096.00,3299.90,247
-1
1,3149.00,3242.90,208
0,3149,3242,208
0,3149.00,3242.12,208
-1
1,3095.00,3300.41,244
0,3095,3300,243
0,3095.00,3299.63,243
-1
1,3148.00,3242.29,208
0,3097,3301,248
0,3097.00,3300.52,248
-1
1,3149.00,3242.79,209
0,3093,3300,242
0,3093.00,3299.94,242
-1
1,3149.00,3242.41,208
0,3093,3300,243
0,3093.00,3300.44,243
-1
1,3149.00,3242.62,209
0,3148,3241,209
0,3148.00,3241.06,209
-1
1,3090.00,3298.21,247
0,3091,3297,248
0,3091.00,3296.83,248
-1
1,3148.00,3241.15,208
0,3090,3298,247
0,3090.00,3298.28,247
-1
1,3148.00,3242.24,210
0,3092,3298,249
0,3092.00,3298.15,249
-1
1,3148.00,3241.87,211
0,3091,3298,247
0,3091.00,3298.39,247
-1
1,3148.00,3242.00,210
0,3094,3301,244
0,3094.00,3300.70,244
-1
1,3148.00,3241.89,208
0,3093,3299,242
0,3093.00,3298.58,242
-1
1,3147.00,3241.35,208
0,3094,3299,244
0,3094.00,3299.43,244
-1
1,3148.00,3241.45,209
0,3093,3298,244
0,3093.00,3298.01,244
-1
1,3148.00,3242.24,210
0,3095,3297,242
0,3095.00,3297.48,242
-1
1,3148.00,3242.14,209
0,3093,3298,245
0,3093.00,3297.95,245
-1
1,3149.00,3242.48,210
0,3094,3300,243
0,3094.00,3300.22,243
-1
1,3148.00,3242.46,209
0,3092,3298,244
0,3092.00,3298.16,244
-1
1,3148.00,3241.84,209
0,3093,3299,245
0,3093.00,3298.88,245
-1
1,3148.00,3242.72,209
0,3091,3297,248
0,3091.00,3297.36,248
-1
1,3148.00,3242.02,209
0,3090,3298,247
0,3090.00,3297.94,247
-1
1,3148.00,3242.60,209
0,3090,3298,244
0,3090.00,3297.96,244
-1
1,3148.00,3241.55,209
0,3093,3298,246
0,3093.00,3298.27,246
-1
1,3148.00,3242.60,209
0,3094,3299,249
0,3094.00,3298.64,249
-1
1,3148.00,3241.88,210
0,3093,3298,247
0,3093.00,3298.34,247
-1
1,3147.00,3241.92,209
0,3090,3297,246
0,3090.00,3297.39,246
-1
1,3147.00,3242.34,210
0,3091,3299,243
0,3091.00,3298.65,243
-1
1,3148.00,3242.99,209
0,3148,3242,208
0,3148.00,3241.77,208
-1
1,3092.00,3297.84,242
0,3094,3298,245
0,3094.00,3298.45,245
-1
1,3148.00,3241.56,209
0,3095,3299,246
0,3095.00,3299.48,246
-1
1,3148.00,3242.02,209
0,3148,3242,209
0,3148.00,3242.20,209
-1
1,3092.00,3297.27,244
0,3148,3241,207
0,3148.00,3241.44,207
-1
1,3092.00,3296.23,241
0,3092,3298,240
0,3092.00,3298.35,240
-1
1,3149.00,3242.74,208
0,3094,3298,244
0,3094.00,3298.30,244
-1
1,3149.00,3243.54,208
0,3092,3297,243
0,3092.00,3297.20,243
-1
1,3148.00,3241.57,208
0,3086,3295,241
0,3086.00,3295.48,241
-1
1,3149.00,3240.12,209
0,3086,3294,249
0,3086.00,3294.31,249
-1
1,3148.00,3240.84,209
0,3088,3297,244
0,3088.00,3297.33,244
-1
1,3148.00,3240.71,208
0,3089,3297,245
0,3089.00,3296.81,245
-1
1,3149.00,3240.61,208
0,3090,3297,247
0,3090.00,3297.28,247
-1
1,3148.00,3240.71,208
0,3091,3299,250
0,3091.00,3298.67,250
-1
1,3148.00,3240.76,207
0,3091,3299,251
0,3091.00,3298.79,251
-1
1,3147.00,3241.10,209
0,3090,3299,247
0,3090.00,3299.06,247
-1
1,3148.00,3242.13,209
0,3090,3300,245
0,3090.00,3299.93,245
-1
1,3148.00,3242.23,208
0,3090,3301,244
0,3090.00,3300.94,244
-1
1,3149.00,3241.79,208
0,3089,3299,243
0,3089.00,3299.18,243
-1
1,3148.00,3241.12,208
0,3089,3300,242
0,3089.00,3300.19,242
-1
1,3148.00,3241.28,209
0,3088,3299,242
0,3088.00,3298.63,242
-1
1,3148.00,3242.37,209
0,3086,3298,243
0,3086.00,3298.07,243
-1
1,3147.00,3241.80,207
0,3085,3298,242
0,3085.00,3297.56,242
-1
1,3148.00,3242.40,206
0,3085,3298,242
0,3085.00,3298.45,242
-1
1,3148.00,3241.96,206
0,3085,3298,241
0,3085.00,3298.29,241
-1
1,3148.00,3242.08,205
0,3149,3242,206
0,3149.00,3241.84,206
-1
1,3087.00,3298.57,242
0,3149,3243,206
0,3149.00,3243.05,206
-1
1,3086.00,3296.93,245
0,3148,3243,205
0,3148.00,3243.20,205
-1
1,3087.00,3297.62,242
0,3148,3242,205
0,3148.00,3241.93,205
-1
1,3088.00,3298.07,244
0,3087,3298,247
0,3087.00,3297.55,247
-1
1,3148.00,3241.97,206
0,3088,3299,247
0,3088.00,3299.49,247
-1
1,3147.00,3242.83,206
0,3088,3298,249
0,3088.00,3298.32,249
-1
1,3147.00,3242.08,206
0,3087,3299,245
0,3087.00,3298.52,245
-1
1,3148.00,3242.48,206
0,3149,3243,206
0,3149.00,3243.47,206
-1
1,3088.00,3298.44,244
0,3148,3242,206
0,3148.00,3242.32,206
-1
1,3087.00,3298.46,242
0,3148,3242,206
0,3148.00,3242.00,206
-1
1,3085.00,3299.10,243
0,3148,3242,203
0,3148.00,3242.40,203
-1
1,3088.00,3298.28,241
0,3148,3244,205
0,3148.00,3243.55,205
-1
1,3091.00,3297.64,244
0,3149,3243,206
0,3149.00,3242.55,206
-1
1,3091.00,3298.75,247
0,3090,3300,246
0,3090.00,3299.59,246
-1
1,3149.00,3243.17,205
0,3149,3244,205
0,3149.00,3243.79,205
-1
1,3090.00,3299.24,245
0,3089,3298,245
0,3089.00,3298.28,245
-1
1,3149.00,3243.80,204
0,3149,3243,204
0,3149.00,3242.93,204
-1
1,3090.00,3299.26,244
0,3149,3243,205
0,3149.00,3243.07,205
-1
1,3089.00,3299.93,241
0,3149,3244,206
0,3149.00,3244.48,206
-1
1,3088.00,3298.78,243
0,3148,3243,206
0,3148.00,3243.42,206
-1
1,3089.00,3299.07,245
0,3091,3299,250
0,3091.00,3298.62,250
-1
1,3148.00,3242.95,207
0,3090,3298,251
0,3090.00,3298.28,251
-1
1,3149.00,3244.26,207
0,3092,3298,252
0,3092.00,3298.46,252
-1
1,3149.00,3242.60,207
0,3089,3298,254
0,3089.00,3298.06,254
-1
1,3149.00,3242.35,206
0,3088,3298,251
0,3088.00,3297.59,251
-1
1,3150.00,3243.18,207
0,3087,3297,251
0,3087.00,3297.15,251
-1
1,3148.00,3243.99,209
0,3088,3297,252
0,3088.00,3296.93,252
-1
1,3149.00,3244.01,208
0,3088,3296,250
0,3088.00,3296.48,250
-1
1,3149.00,3243.22,209
0,3088,3297,253
0,3088.00,3296.92,253
-1
1,3149.00,3243.67,208
0,3148,3243,207
0,3148.00,3242.67,207
-1
0,3149,3242,206
0,3149.00,3242.39,206
-1
0,3090,3299,251
0,3090.00,3299.04,251
-1
1,3148.00,3243.16,208
0,3089,3298,249
0,3089.00,3298.38,249
-1
1,3149.00,3243.37,207
0,3092,3297,249
0,3092.00,3297.09,249
-1
1,3149.00,3243.31,206
0,3090,3297,249
0,3090.00,3296.73,249
-1
1,3148.00,3242.29,207
0,3090,3297,252
0,3090.00,3297.32,252
-1
1,3149.00,3242.63,207
0,3092,3299,252
0,3092.00,3299.16,252
-1
1,3149.00,3242.67,208
0,3093,3299,245
0,3093.00,3298.67,245
-1
1,3148.00,3242.73,208
0,3090,3298,246
0,3090.00,3297.73,246
-1
1,3148.00,3242.35,209
0,3089,3298,253
0,3089.00,3297.95,253
-1
1,3148.00,3242.24,210
0,3147,3242,210
0,3147.00,3242.44,210
-1
0,3148,3242,209
0,3148.00,3242.42,209
-1
0,3090,3299,251
0,3090.00,3299.19,251
-1
1,3149.00,3242.52,210
0,3149,3242,210
0,3149.00,3242.48,210
-1
0,3091,3297,248
0,3091.00,3297.38,248
-1
1,3149.00,3243.02,209
0,3091,3297,250
0,3091.00,3297.26,250
-1
1,3149.00,3243.31,208
0,3148,3242,208
0,3148.00,3242.50,208
-1
0,3091,3299,250
0,3091.00,3298.61,250
-1
1,3148.00,3242.53,208
0,3090,3296,249
0,3090.00,3296.26,249
-1
1,3148.00,3243.10,207
0,3089,3297,248
0,3089.00,3297.16,248
-1
1,3148.00,3242.21,208
0,3148,3243,207
0,3148.00,3243.06,207
-1
0,3147,3241,208
0,3147.00,3241.25,208
-1
0,3088,3294,255
0,3088.00,3294.45,255
-1
1,3147.00,3241.42,208
0,3089,3296,251
0,3089.00,3295.54,251
-1
1,3148.00,3242.61,209
0,3087,3295,252
0,3087.00,3294.51,252
-1
1,3148.00,3242.76,208
0,3086,3295,255
0,3086.00,3294.55,255
-1
1,3148.00,3242.06,208
0,3148,3242,207
0,3148.00,3241.79,207
-1
0,3087,3295,254
0,3087.00,3295.30,254
-1
1,3148.00,3241.13,208
0,3088,3295,251
0,3088.00,3295.19,251
-1
1,3149.00,3241.76,209
0,3087,3295,251
0,3087.00,3295.31,251
-1
1,3149.00,3243.08,209
0,3086,3294,251
0,3086.00,3293.97,251
-1
1,3149.00,3241.48,208
0,3087,3294,248
0,3087.00,3293.68,248
-1
1,3149.00,3242.88,210
0,3086,3296,251
0,3086.00,3295.53,251
-1
1,3149.00,3241.66,212
0,3088,3296,250
0,3088.00,3295.78,250
-1
1,3149.00,3242.49,211
0,3089,3297,252
0,3089.00,3296.69,252
-1
1,3148.00,3241.85,211
0,3088,3295,253
0,3088.00,3295.45,253
-1
1,3147.00,3241.10,212
0,3088,3296,253
0,3088.00,3296.11,253
-1
1,3148.00,3241.99,211
0,3088,3296,253
0,3088.00,3295.61,253
-1
1,3148.00,3241.49,211
0,3148,3241,210
0,3148.00,3241.28,210
-1
0,3147,3241,210
0,3147.00,3240.66,210
-1
0,3147,3243,210
0,3147.00,3243.02,210
-1
0,3147,3244,211
0,3147.00,3243.56,211
-1
0,3088,3295,253
0,3088.00,3294.81,253
-1
1,3148.00,3242.29,210
0,3088,3296,252
0,3088.00,3296.20,252
-1
1,3148.00,3244.58,213
0,3087,3296,252
0,3087.00,3295.67,252
-1
1,3147.00,3242.54,213
0,3147,3242,213
0,3147.00,3242.23,213
-1
0,3146,3242,213
0,3146.00,3241.77,213
-1
0,3086,3297,247
0,3086.00,3296.51,247
-1
1,3147.00,3242.11,213
0,3087,3296,248
0,3087.00,3296.09,248
-1
1,3147.00,3241.51,215
0,3088,3296,247
0,3088.00,3296.03,247
-1
1,3148.00,3241.96,213
0,3086,3296,246
0,3086.00,3296.23,246
-1
1,3147.00,3243.65,212
0,3085,3298,245
0,3085.00,3297.77,245
-1
1,3147.00,3244.03,214
0,3085,3297,244
0,3085.00,3296.98,244
-1
1,3147.00,3242.84,214
0,3086,3297,242
0,3086.00,3297.15,242
-1
1,3147.00,3243.31,211
0,3088,3298,247
0,3088.00,3297.98,247
-1
1,3147.00,3243.08,213
0,3089,3298,245
0,3089.00,3298.14,245
-1
1,3147.00,3242.99,212
0,3088,3298,243
0,3088.00,3298.25,243
-1
1,3147.00,3243.57,212
0,3089,3298,244
0,3089.00,3298.05,244
-1
1,3147.00,3243.42,212
0,3090,3298,244
0,3090.00,3297.80,244
-1
1,3148.00,3243.86,211
0,3086,3297,242
0,3086.00,3296.59,242
-1
1,3148.00,3243.19,212
0,3087,3296,246
0,3087.00,3295.90,246
-1
1,3147.00,3244.25,213
0,3089,3295,244
0,3089.00,3295.11,244
-1
1,3148.00,3242.89,211
0,3088,3295,240
0,3088.00,3295.16,240
-1
1,3148.00,3242.90,210
0,3087,3295,243
0,3087.00,3294.67,243
-1
1,3148.00,3243.33,211
0,3089,3297,244
0,3089.00,3297.34,244
-1
1,3147.00,3242.56,212
0,3088,3297,243
0,3088.00,3297.13,243
-1
1,3148.00,3242.15,211
0,3087,3296,243
0,3087.00,3295.81,243
-1
1,3148.00,3243.30,211
0,3087,3295,244
0,3087.00,3295.48,244
-1
1,3148.00,3243.23,211
0,3087,3297,244
0,3087.00,3297.43,244
-1
1,3147.00,3242.67,211
0,3086,3297,243
0,3086.00,3296.67,243
-1
1,3147.00,3243.04,210
0,3089,3297,245
0,3089.00,3297.43,245
-1
1,3147.00,3242.54,210
0,3088,3297,244
0,3088.00,3297.10,244
-1
1,3146.00,3242.57,210
0,3091,3298,247
0,3091.00,3297.55,247
-1
1,3148.00,3241.41,213
0,3091,3298,247
0,3091.00,3297.94,247
-1
1,3148.00,3242.34,213
0,3092,3298,249
0,3092.00,3298.40,249
-1
1,3148.00,3242.65,211
0,3092,3299,249
0,3092.00,3298.67,249
-1
1,3147.00,3243.73,212
0,3092,3298,250
0,3092.00,3298.43,250
-1
1,3147.00,3242.23,212
0,3094,3298,251
0,3094.00,3298.08,251
-1
1,3148.00,3242.61,212
0,3094,3298,249
0,3094.00,3297.75,249
-1
1,3148.00,3242.77,210
0,3091,3298,250
0,3091.00,3297.66,250
-1
1,3148.00,3243.07,209
0,3090,3297,248
0,3090.00,3296.67,248
-1
1,3148.00,3242.49,207
0,3089,3296,248
0,3089.00,3296.34,248
-1
1,3149.00,3243.37,206
0,3149,3243,207
0,3149.00,3243.17,207
-1
1,3090.00,3297.15,248
0,3088,3296,250
0,3088.00,3295.80,250
-1
1,3148.00,3242.96,207
0,3149,3243,207
0,3149.00,3242.60,207
-1
1,3090.00,3296.50,249
0,3149,3242,209
0,3149.00,3242.09,209
-1
1,3088.00,3296.47,246
0,3148,3243,209
0,3148.00,3242.85,209
-1
1,3087.00,3295.66,245
0,3087,3296,244
0,3087.00,3296.11,244
-1
1,3148.00,3241.70,209
0,3148,3243,210
0,3148.00,3242.61,210
-1
1,3088.00,3295.86,247
0,3089,3297,245
0,3089.00,3297.01,245
-1
1,3148.00,3241.81,208
0,3093,3297,249
0,3093.00,3296.70,249
-1
2,3148.00,3241.74,208
0,3092,3297,249
0,3092.00,3297.06,249
-1
1,3149.00,3242.74,206
0,3092,3296,250
0,3092.00,3295.67,250
-1
1,3148.00,3242.11,206
0,3093,3296,251
0,3093.00,3295.85,251
-1
1,3149.00,3242.94,205
0,3092,3295,249
0,3092.00,3295.23,249
-1
1,3149.00,3242.42,207
0,3092,3296,252
0,3092.00,3295.54,252
-1
1,3148.00,3241.75,207
0,3090,3295,250
0,3090.00,3295.35,250
-1
1,3148.00,3241.96,207
0,3089,3295,250
0,3089.00,3295.25,250
-1
1,3148.00,3242.55,207
0,3150,3243,207
0,3150.00,3242.77,207
-1
1,3088.00,3295.28,246
0,3149,3242,209
0,3149.00,3241.80,209
-1
1,3089.00,3294.66,245
0,3149,3242,208
0,3149.00,3241.68,208
-1
1,3088.00,3294.43,245
0,3149,3243,206
0,3149.00,3242.66,206
-1
1,3088.00,3294.94,245
0,3081,3293,246
0,3081.00,3293.05,246
-1
1,3151.00,3242.71,206
0,3082,3293,243
0,3082.00,3293.08,243
-1
1,3151.00,3243.04,206
0,3086,3294,245
0,3086.00,3294.14,245
-1
1,3150.00,3242.49,207
0,3084,3292,248
0,3084.00,3292.09,248
-1
1,3149.00,3242.09,207
0,3084,3292,247
0,3084.00,3291.77,247
-1
1,3149.00,3241.78,207
0,3085,3294,247
0,3085.00,3293.60,247
-1
1,3149.00,3242.55,207
0,3081,3293,244
0,3081.00,3292.51,244
-1
1,3149.00,3242.26,205
0,3149,3242,206
0,3149.00,3242.00,206
-1
2,3084.00,3293.92,245
0,3081,3294,242
0,3081.00,3293.64,242
-1
1,3149.00,3242.63,206
0,3084,3294,241
0,3084.00,3294.30,241
-1
1,3149.00,3243.04,206
0,3083,3295,240
0,3083.00,3295.36,240
-1
1,3149.00,3242.02,206
0,3149,3241,206
0,3149.00,3241.44,206
-1
1,3086.00,3297.49,241
0,3149,3242,206
0,3149.00,3241.51,206
-1
2,3088.00,3296.64,244
0,3089,3297,248
0,3089.00,3297.26,248
-1
1,3149.00,3241.48,205
0,3089,3298,249
0,3089.00,3298.03,249
-1
1,3149.00,3241.54,204
0,3090,3298,248
0,3090.00,3297.99,248
-1
1,3148.00,3241.69,205
0,3090,3298,248
0,3090.00,3297.53,248
-1
1,3149.00,3242.83,205
0,3149,3243,205
0,3149.00,3243.15,205
-1
2,3089.00,3297.77,248
0,3088,3298,245
0,3088.00,3297.90,245
-1
1,3149.00,3241.89,205
0,3150,3243,205
0,3150.00,3243.13,205
-1
1,3086.00,3296.81,246
0,3149,3243,207
0,3149.00,3243.29,207
-1
1,3087.00,3297.13,245
0,3149,3243,209
0,3149.00,3243.34,209
-1
2,3086.00,3296.54,245
0,3148,3243,207
0,3148.00,3242.78,207
-1
2,3086.00,3296.25,248
0,3088,3297,247
0,3088.00,3296.75,247
-1
1,3148.00,3242.12,206
0,3085,3295,247
0,3085.00,3295.35,247
-1
1,3148.00,3242.94,205
0,3085,3295,249
0,3085.00,3295.17,249
-1
1,3149.00,3243.42,207
0,3085,3296,247
0,3085.00,3296.24,247
-1
1,3149.00,3243.17,207
0,3086,3297,247
0,3086.00,3296.62,247
-1
1,3149.00,3243.68,206
0,3086,3296,249
0,3086.00,3296.35,249
-1
1,3148.00,3242.53,206
0,3087,3296,248
0,3087.00,3295.70,248
-1
1,3149.00,3242.16,206
0,3085,3294,249
0,3085.00,3293.95,249
-1
1,3149.00,3243.43,206
0,3085,3295,250
0,3085.00,3295.38,250
-1
2,3149.00,3242.71,209
0,3087,3295,250
0,3087.00,3295.18,250
-1
1,3150.00,3243.72,208
0,3088,3296,250
0,3088.00,3295.59,250
-1
1,3149.00,3243.34,208
0,3089,3296,249
0,3089.00,3295.95,249
-1
1,3149.00,3243.77,207
0,3088,3296,247
0,3088.00,3296.12,247
-1
1,3149.00,3243.71,209
0,3149,3243,208
0,3149.00,3243.07,208
-1
2,3089.00,3296.65,248
0,3148,3243,207
0,3148.00,3242.84,207
-1
2,3087.00,3295.51,248
0,3088,3296,248
0,3088.00,3296.42,248
-1
1,3148.00,3243.35,207
0,3086,3296,250
0,3086.00,3295.53,250
-1
2,3148.00,3242.81,207
0,3088,3297,247
0,3088.00,3296.63,247
-1
2,3148.00,3242.77,207
0,3148,3243,209
0,3148.00,3242.60,209
-1
1,3087.00,3295.90,249
0,3087,3295,249
0,3087.00,3294.67,249
-1
1,3149.00,3243.05,208
0,3089,3296,246
0,3089.00,3295.96,246
-1
1,3149.00,3242.93,207
0,3088,3295,248
0,3088.00,3295.33,248
-1
1,3149.00,3241.80,207
0,3087,3295,247
0,3087.00,3294.65,247
-1
1,3148.00,3241.98,208
0,3089,3296,247
0,3089.00,3296.30,247
-1
1,3149.00,3241.80,209
0,3087,3296,246
0,3087.00,3296.06,246
-1
1,3149.00,3242.24,209
0,3088,3296,246
0,3088.00,3296.39,246
-1
1,3149.00,3242.29,209
0,3087,3296,244
0,3087.00,3296.05,244
-1
1,3148.00,3241.36,207
0,3088,3296,243
0,3088.00,3296.46,243
-1
1,3148.00,3241.47,208
0,3089,3296,247
0,3089.00,3295.97,247
-1
1,3148.00,3241.31,209
0,3090,3295,250
0,3090.00,3294.83,250
-1
1,3148.00,3241.82,210
0,3090,3297,248
0,3090.00,3296.71,248
-1
1,3148.00,3241.44,210
0,3090,3296,244
0,3090.00,3295.70,244
-1
1,3148.00,3241.48,209
0,3090,3296,244
0,3090.00,3296.39,244
-1
1,3148.00,3241.48,209
0,3090,3295,244
0,3090.00,3294.68,244
-1
1,3148.00,3242.37,209
0,3092,3297,244
0,3092.00,3296.51,244
-1
1,3149.00,3243.31,209
0,3089,3296,244
0,3089.00,3295.81,244
-1
1,3148.00,3243.65,209
0,3090,3296,245
0,3090.00,3296.27,245
-1
1,3147.00,3243.38,208
0,3147,3241,208
0,3147.00,3241.13,208
-1
0,3086,3295,247
0,3086.00,3294.86,247
-1
1,3147.00,3241.24,208
0,3086,3295,244
0,3086.00,3295.00,244
-1
1,3147.00,3240.41,209
0,3087,3296,247
0,3087.00,3295.90,247
-1
1,3147.00,3241.06,208
0,3084,3294,245
0,3084.00,3293.88,245
-1
1,3147.00,3241.71,207
0,3085,3295,245
0,3085.00,3294.54,245
-1
1,3146.00,3241.25,207
0,3085,3295,245
0,3085.00,3294.94,245
-1
1,3146.00,3242.30,208
0,3086,3295,250
0,3086.00,3294.82,250
-1
2,3146.00,3242.76,209
0,3088,3297,248
0,3088.00,3296.91,248
-1
2,3146.00,3242.62,210
0,3087,3297,248
0,3087.00,3297.02,248
-1
2,3146.00,3242.77,210
0,3087,3297,248
0,3087.00,3297.22,248
-1
2,3145.00,3242.38,209
0,3089,3297,249
0,3089.00,3296.60,249
-1
1,3145.00,3242.99,209
0,3091,3296,249
0,3091.00,3296.31,249
-1
1,3146.00,3242.61,209
0,3091,3295,251
0,3091.00,3294.85,251
-1
1,3147.00,3243.17,211
0,3093,3296,252
0,3093.00,3295.96,252
-1
1,3147.00,3242.90,210
0,3091,3297,249
0,3091.00,3297.08,249
-1
2,3147.00,3241.77,211
0,3092,3298,251
0,3092.00,3297.75,251
-1
1,3146.00,3241.02,212
0,3091,3297,250
0,3091.00,3297.26,250
-1
1,3146.00,3240.63,210
0,3092,3297,250
0,3092.00,3296.79,250
-1
1,3146.00,3240.83,210
0,3092,3296,252
0,3092.00,3296.09,252
-1
1,3146.00,3240.96,210
0,3092,3297,252
0,3092.00,3297.06,252
-1
1,3146.00,3241.09,211
0,3092,3298,254
0,3092.00,3297.78,254
-1
1,3147.00,3241.58,210
-1
1,3092.00,3297.52,254
2,3147.00,3242.55,211
0,3090,3297,253
0,3090.00,3296.62,253
-1
2,3146.00,3243.29,210
0,3090,3296,253
0,3090.00,3296.26,253
-1
2,3146.00,3241.79,210
0,3089,3295,250
0,3089.00,3295.47,250
-1
1,3147.00,3242.60,212
0,3091,3296,248
0,3091.00,3296.08,248
-1
1,3147.00,3243.37,211
0,3146,3243,210
0,3146.00,3242.84,210
-1
2,3088.00,3294.27,247
0,3088,3296,247
0,3088.00,3295.74,247
-1
1,3146.00,3242.78,211
0,3088,3295,245
0,3088.00,3294.98,245
-1
1,3146.00,3242.38,210
0,3082,3294,247
0,3082.00,3293.81,247
-1
1,3146.00,3241.00,210
0,3085,3295,245
0,3085.00,3295.11,245
-1
1,3146.00,3241.55,211
0,3084,3294,244
0,3084.00,3294.03,244
-1
1,3145.00,3241.34,211
0,3087,3295,246
0,3087.00,3294.89,246
-1
1,3145.00,3241.02,210
0,3084,3296,243
0,3084.00,3295.53,243
-1
1,3146.00,3242.65,211
0,3083,3296,239
0,3083.00,3295.75,239
-1
1,3146.00,3241.77,212
0,3087,3296,241
0,3087.00,3296.46,241
-1
1,3146.00,3242.35,212
0,3087,3295,239
0,3087.00,3294.65,239
-1
1,3146.00,3241.92,211
0,3090,3295,242
0,3090.00,3295.37,242
-1
1,3146.00,3242.88,211
0,3090,3295,240
0,3090.00,3294.68,240
-1
1,3146.00,3242.42,210
0,3090,3296,243
0,3090.00,3296.10,243
-1
1,3145.00,3241.97,211
0,3087,3294,243
0,3087.00,3294.20,243
-1
1,3145.00,3242.03,211
0,3088,3296,247
0,3088.00,3295.66,247
-1
1,3145.00,3241.70,211
0,3088,3295,246
0,3088.00,3295.13,246
-1
1,3146.00,3242.63,210
0,3089,3295,247
0,3089.00,3295.25,247
-1
1,3145.00,3241.35,210
0,3087,3296,246
0,3087.00,3295.60,246
-1
1,3145.00,3243.11,211
0,3087,3296,246
0,3087.00,3295.54,246
-1
1,3146.00,3243.15,211
0,3088,3294,249
0,3088.00,3294.08,249
-1
1,3145.00,3243.29,210
0,3090,3295,250
0,3090.00,3294.76,250
-1
1,3144.00,3243.02,210
0,3145,3244,210
0,3145.00,3243.68,210
-1
1,3091.00,3296.30,250
0,3092,3297,248
0,3092.00,3297.16,248
-1
1,3145.00,3242.83,212
0,3093,3298,249
0,3093.00,3297.74,249
-1
1,3145.00,3242.67,211
0,3091,3296,248
0,3091.00,3296.50,248
-1
1,3146.00,3242.22,211
0,3088,3295,245
0,3088.00,3295.28,245
-1
1,3146.00,3241.78,211
0,3090,3296,247
0,3090.00,3296.09,247
-1
1,3146.00,3242.13,211
0,3090,3296,247
0,3090.00,3295.70,247
-1
1,3146.00,3242.54,211
0,3091,3296,249
0,3091.00,3295.90,249
-1
1,3146.00,3242.14,210
0,3088,3294,247
0,3088.00,3293.71,247
-1
1,3146.00,3241.35,209
0,3089,3295,249
0,3089.00,3294.79,249
-1
1,3145.00,3240.56,211
0,3092,3295,252
0,3092.00,3295.45,252
-1
1,3146.00,3242.59,212
0,3082,3294,242
0,3082.00,3294.10,242
-1
1,3145.00,3238.77,211
0,3085,3295,243
0,3085.00,3294.50,243
-1
1,3145.00,3238.77,212
0,3083,3293,242
0,3083.00,3293.10,242
-1
1,3145.00,3239.23,211
0,3084,3294,242
0,3084.00,3294.16,242
-1
1,3144.00,3240.89,211
0,3086,3295,242
0,3086.00,3295.34,242
-1
1,3145.00,3242.08,211
0,3086,3295,245
0,3086.00,3294.60,245
-1
1,3145.00,3242.21,211
0,3087,3296,242
0,3087.00,3295.91,242
-1
1,3145.00,3242.37,211
0,3087,3294,244
0,3087.00,3294.43,244
-1
1,3146.00,3242.44,212
0,3089,3296,245
0,3089.00,3296.03,245
-1
1,3145.00,3241.09,211
0,3087,3295,243
0,3087.00,3295.50,243
-1
1,3144.00,3241.12,211
0,3145,3241,210
0,3145.00,3240.98,210
-1
2,3089.00,3296.78,241
0,3144,3241,211
0,3144.00,3241.37,211
-1
2,3091.00,3297.29,241
0,3144,3242,211
0,3144.00,3242.33,211
-1
2,3088.00,3296.92,242
0,3144,3242,212
0,3144.00,3241.80,212
-1
2,3087.00,3296.36,239
0,3144,3240,212
0,3144.00,3240.48,212
-1
2,3089.00,3297.09,241
0,3144,3242,211
0,3144.00,3241.52,211
-1
2,3089.00,3296.30,242
0,3144,3241,211
0,3144.00,3241.12,211
-1
2,3088.00,3296.16,241
0,3145,3242,211
0,3145.00,3242.34,211
-1
2,3086.00,3294.86,239
0,3145,3242,212
0,3145.00,3242.05,212
-1
2,3086.00,3295.79,240
0,3086,3295,240
0,3086.00,3294.61,240
-1
1,3144.00,3241.23,212
0,3086,3296,241
0,3086.00,3296.29,241
-1
1,3144.00,3242.22,212
0,3085,3296,242
0,3085.00,3295.64,242
-1
1,3145.00,3241.91,212
0,3087,3296,241
0,3087.00,3296.44,241
-1
1,3146.00,3242.52,212
0,3088,3297,242
0,3088.00,3297.21,242
-1
1,3146.00,3242.68,210
0,3086,3297,243
0,3086.00,3296.90,243
-1
1,3145.00,3242.10,211
0,3087,3297,241
0,3087.00,3296.82,241
-1
1,3145.00,3241.54,210
0,3086,3297,240
0,3086.00,3296.64,240
-1
1,3144.00,3242.22,210
0,3088,3297,242
0,3088.00,3297.14,242
-1
1,3145.00,3242.71,211
0,3087,3298,242
0,3087.00,3297.60,242
-1
1,3145.00,3243.23,212
0,3084,3296,239
0,3084.00,3296.08,239
-1
1,3145.00,3242.09,213
0,3146,3242,211
0,3146.00,3241.64,211
-1
2,3086.00,3296.01,247
0,3086,3296,247
0,3086.00,3296.33,247
-1
2,3146.00,3242.64,210
0,3146,3241,210
0,3146.00,3241.40,210
-1
2,3088.00,3296.35,246
0,3146,3241,210
0,3146.00,3241.48,210
-1
2,3086.00,3295.01,248
0,3146,3242,210
0,3146.00,3241.61,210
-1
2,3087.00,3295.85,248
0,3088,3296,254
0,3088.00,3296.47,254
-1
2,3145.00,3241.46,211
0,3145,3242,212
0,3145.00,3241.55,212
-1
1,3089.00,3296.72,254
0,3089,3295,254
0,3089.00,3295.07,254
-1
1,3146.00,3242.32,210
0,3087,3296,250
0,3087.00,3295.87,250
-1
1,3146.00,3242.77,210
0,3089,3296,251
0,3089.00,3296.39,251
-1
1,3146.00,3242.67,211
0,3088,3297,248
0,3088.00,3296.80,248
-1
1,3145.00,3241.69,210
0,3088,3297,249
0,3088.00,3296.64,249
-1
1,3145.00,3242.34,210
0,3085,3295,245
0,3085.00,3295.14,245
-1
1,3146.00,3242.08,212
0,3146,3242,211
0,3146.00,3241.70,211
-1
2,3085.00,3295.20,242
0,3146,3242,211
0,3146.00,3241.71,211
-1
2,3087.00,3295.53,243
0,3087,3295,242
0,3087.00,3294.98,242
-1
1,3145.00,3241.45,210
0,3088,3296,244
0,3088.00,3295.84,244
-1
1,3145.00,3241.29,211
0,3087,3294,244
0,3087.00,3294.25,244
-1
1,3145.00,3241.36,211
0,3145,3241,211
0,3145.00,3241.31,211
-1
2,3087.00,3294.92,243
0,3146,3241,211
0,3146.00,3241.42,211
-1
2,3086.00,3295.30,242
0,3146,3242,211
0,3146.00,3241.54,211
-1
2,3087.00,3296.53,245
0,3146,3243,211
0,3146.00,3242.83,211
-1
2,3087.00,3295.89,246
0,3146,3242,211
0,3146.00,3242.32,211
-1
2,3087.00,3295.71,244
0,3088,3296,244
0,3088.00,3295.86,244
-1
1,3146.00,3241.40,210
0,3087,3296,243
0,3087.00,3295.59,243
-1
1,3146.00,3242.33,210
0,3087,3295,243
0,3087.00,3294.82,243
-1
1,3146.00,3242.88,211
0,3088,3296,243
0,3088.00,3295.70,243
-1
1,3145.00,3241.78,210
0,3088,3296,244
0,3088.00,3295.83,244
-1
1,3145.00,3242.51,211
0,3086,3296,241
0,3086.00,3296.17,241
-1
1,3146.00,3242.58,211
0,3085,3296,244
0,3085.00,3295.93,244
-1
1,3146.00,3241.92,211
0,3082,3294,243
0,3082.00,3294.43,243
-1
1,3146.00,3243.04,214
0,3146,3244,212
0,3146.00,3244.04,212
-1
1,3082.00,3295.62,241
0,3084,3296,246
0,3084.00,3295.98,246
-1
1,3145.00,3241.79,211
0,3085,3295,244
0,3085.00,3295.33,244
-1
1,3146.00,3242.32,211
0,3086,3297,243
0,3086.00,3296.57,243
-1
1,3145.00,3241.79,211
0,3086,3295,240
0,3086.00,3295.47,240
-1
1,3146.00,3241.48,211
0,3145,3242,210
0,3145.00,3242.05,210
-1
2,3086.00,3295.77,241
0,3145,3243,209
0,3145.00,3243.31,209
-1
2,3084.00,3295.97,238
0,3085,3296,240
0,3085.00,3296.39,240
-1
1,3144.00,3244.23,210
0,3088,3297,240
0,3088.00,3296.66,240
-1
1,3144.00,3242.91,211
0,3087,3296,239
0,3087.00,3295.73,239
-1
1,3145.00,3242.63,211
0,3083,3294,238
0,3083.00,3294.30,238
-1
1,3146.00,3242.66,211
0,3146,3242,210
0,3146.00,3241.99,210
-1
1,3085.00,3294.02,237
0,3087,3294,237
0,3087.00,3294.23,237
-1
1,3146.00,3242.45,210
0,3087,3295,236
0,3087.00,3295.17,236
-1
1,3145.00,3241.05,211
0,3088,3295,236
0,3088.00,3294.90,236
-1
1,3145.00,3240.86,209
0,3087,3294,237
0,3087.00,3294.12,237
-1
1,3146.00,3242.09,208
0,3086,3293,236
0,3086.00,3293.36,236
-1
1,3146.00,3242.06,208
0,3087,3294,237
0,3087.00,3293.77,237
-1
1,3146.00,3241.59,208
0,3086,3293,237
0,3086.00,3293.08,237
-1
1,3145.00,3241.49,207
0,3086,3292,240
0,3086.00,3292.12,240
-1
1,3145.00,3240.82,208
0,3086,3293,242
0,3086.00,3293.41,242
-1
1,3145.00,3241.79,209
0,3086,3294,241
0,3086.00,3294.19,241
-1
1,3146.00,3241.92,208
0,3085,3295,243
0,3085.00,3294.67,243
-1
1,3145.00,3242.38,209
0,3084,3294,239
0,3084.00,3293.59,239
-1
1,3146.00,3242.67,209
0,3084,3293,239
0,3084.00,3293.36,239
-1
1,3146.00,3242.28,209
0,3084,3294,241
0,3084.00,3293.52,241
-1
1,3146.00,3242.64,208
0,3086,3294,244
0,3086.00,3294.05,244
-1
1,3146.00,3242.45,209
0,3087,3295,243
0,3087.00,3294.60,243
-1
1,3147.00,3241.78,209
0,3088,3296,243
0,3088.00,3295.53,243
-1
1,3146.00,3241.62,210
0,3086,3293,244
0,3086.00,3293.44,244
-1
1,3146.00,3239.87,211
0,3086,3295,240
0,3086.00,3294.86,240
-1
1,3147.00,3240.31,212
0,3088,3294,242
0,3088.00,3294.37,242
-1
1,3146.00,3239.73,210
0,3089,3295,243
0,3089.00,3295.36,243
-1
1,3146.00,3239.64,210
0,3087,3295,239
0,3087.00,3295.38,239
-1
1,3146.00,3240.14,209
0,3086,3294,238
0,3086.00,3294.36,238
-1
1,3146.00,3240.14,209
0,3086,3295,239
0,3086.00,3294.97,239
-1
1,3146.00,3241.07,209
0,3087,3296,238
0,3087.00,3296.16,238
-1
1,3146.00,3240.69,208
0,3090,3296,240
0,3090.00,3296.08,240
-1
1,3146.00,3239.81,208
0,3089,3297,243
0,3089.00,3296.67,243
-1
1,3146.00,3240.19,208
0,3090,3297,241
0,3090.00,3296.95,241
-1
1,3146.00,3239.67,209
0,3090,3297,244
0,3090.00,3296.78,244
-1
1,3147.00,3239.64,209
0,3088,3297,242
0,3088.00,3296.86,242
-1
1,3147.00,3239.86,209
0,3088,3297,242
0,3088.00,3297.10,242
-1
1,3146.00,3240.67,209
0,3088,3297,244
0,3088.00,3297.03,244
-1
1,3147.00,3241.46,208
0,3086,3296,242
0,3086.00,3296.27,242
-1
1,3146.00,3240.44,210
0,3088,3298,242
0,3088.00,3297.72,242
-1
1,3147.00,3241.24,209
0,3087,3296,244
0,3087.00,3296.26,244
-1
1,3147.00,3240.06,209
0,3088,3297,245
0,3088.00,3297.36,245
-1
1,3147.00,3240.90,209
0,3087,3297,243
0,3087.00,3296.88,243
-1
1,3146.00,3239.69,210
0,3089,3297,243
0,3089.00,3297.02,243
-1
1,3146.00,3240.68,211
0,3090,3297,241
0,3090.00,3297.29,241
-1
1,3146.00,3240.89,210
0,3089,3297,243
0,3089.00,3296.90,243
-1
1,3146.00,3241.84,209
0,3090,3297,244
0,3090.00,3296.55,244
-1
1,3146.00,3242.46,209
0,3090,3296,241
0,3090.00,3295.81,241
-1
1,3146.00,3242.14,208
0,3090,3295,243
0,3090.00,3295.42,243
-1
1,3146.00,3241.72,209
0,3089,3296,242
0,3089.00,3295.73,242
-1
1,3145.00,3241.38,209
0,3089,3296,242
0,3089.00,3296.42,242
-1
1,3146.00,3241.68,209
0,3087,3296,240
0,3087.00,3295.93,240
-1
1,3146.00,3241.73,209
0,3086,3297,241
0,3086.00,3296.72,241
-1
1,3146.00,3242.28,211
0,3086,3297,246
0,3086.00,3297.05,246
-1
1,3147.00,3239.67,211
0,3086,3298,245
0,3086.00,3297.73,245
-1
1,3146.00,3239.89,209
0,3087,3297,242
0,3087.00,3297.36,242
-1
1,3147.00,3240.35,210
0,3085,3297,239
0,3085.00,3297.32,239
-1
1,3146.00,3239.74,211
0,3086,3297,242
0,3086.00,3296.70,242
-1
1,3146.00,3240.12,210
0,3087,3297,239
0,3087.00,3297.04,239
-1
1,3146.00,3240.99,210
0,3085,3296,238
0,3085.00,3296.47,238
-1
1,3146.00,3240.33,211
0,3085,3296,239
0,3085.00,3295.82,239
-1
1,3146.00,3239.60,210
0,3087,3297,240
0,3087.00,3296.99,240
-1
1,3146.00,3239.87,211
0,3088,3298,238
0,3088.00,3298.27,238
-1
1,3147.00,3240.60,210
0,3088,3297,238
0,3088.00,3297.45,238
-1
1,3147.00,3239.85,210
0,3086,3297,240
0,3086.00,3297.25,240
-1
1,3147.00,3240.10,210
0,3086,3296,240
0,3086.00,3296.01,240
-1
1,3147.00,3241.41,210
0,3087,3296,238
0,3087.00,3295.89,238
-1
1,3147.00,3240.36,210
0,3085,3295,237
0,3085.00,3295.47,237
-1
1,3146.00,3240.49,211
0,3086,3295,237
0,3086.00,3294.52,237
-1
1,3146.00,3241.50,210
0,3087,3296,238
0,3087.00,3295.73,238
-1
1,3146.00,3241.78,210
0,3086,3295,237
0,3086.00,3295.15,237
-1
1,3146.00,3240.59,209
0,3086,3296,239
0,3086.00,3296.30,239
-1
1,3146.00,3240.68,209
0,3086,3296,238
0,3086.00,3296.03,238
-1
1,3147.00,3240.33,210
0,3089,3298,240
0,3089.00,3298.21,240
-1
1,3147.00,3240.70,211
0,3088,3299,238
0,3088.00,3299.18,238
-1
1,3146.00,3240.51,211
0,3089,3298,239
0,3089.00,3298.10,239
-1
1,3146.00,3240.33,210
0,3088,3298,238
0,3088.00,3297.75,238
-1
1,3146.00,3239.64,209
0,3089,3298,241
0,3089.00,3297.86,241
-1
1,3147.00,3241.46,210
0,3089,3298,240
0,3089.00,3298.06,240
-1
1,3147.00,3241.30,210
0,3090,3298,241
0,3090.00,3298.09,241
-1
1,3147.00,3240.79,210
0,3088,3297,240
0,3088.00,3297.09,240
-1
1,3146.00,3241.95,209
0,3089,3298,241
0,3089.00,3297.95,241
-1
1,3146.00,3241.92,209
0,3088,3297,243
0,3088.00,3297.50,243
-1
1,3146.00,3241.95,208
0,3089,3296,245
0,3089.00,3296.35,245
-1
1,3147.00,3240.11,211
0,3088,3294,243
0,3088.00,3293.79,243
-1
1,3147.00,3239.48,210
0,3088,3295,245
0,3088.00,3294.76,245
-1
1,3147.00,3240.48,210
0,3088,3295,247
0,3088.00,3295.13,247
-1
1,3146.00,3240.05,211
0,3089,3296,247
0,3089.00,3295.80,247
-1
1,3146.00,3240.16,211
0,3089,3296,247
0,3089.00,3295.77,247
-1
1,3147.00,3240.50,211
0,3089,3297,247
0,3089.00,3296.94,247
-1
1,3147.00,3241.39,212
0,3089,3297,244
0,3089.00,3296.76,244
-1
1,3147.00,3240.58,211
0,3092,3298,241
0,3092.00,3297.53,241
-1
1,3147.00,3241.62,212
0,3092,3298,244
0,3092.00,3297.73,244
-1
1,3146.00,3240.48,213
0,3091,3298,245
0,3091.00,3298.10,245
-1
1,3146.00,3240.81,211
0,3089,3297,246
0,3089.00,3296.75,246
-1
1,3146.00,3241.52,210
0,3089,3297,245
0,3089.00,3296.63,245
-1
1,3146.00,3240.52,210
0,3089,3296,247
0,3089.00,3296.12,247
-1
1,3147.00,3241.08,209
0,3091,3296,246
0,3091.00,3296.20,246
-1
1,3146.00,3241.51,210
0,3092,3297,246
0,3092.00,3296.77,246
-1
1,3147.00,3241.74,212
0,3090,3297,247
0,3090.00,3296.69,247
-1
1,3147.00,3241.91,211
0,3089,3296,247
0,3089.00,3296.11,247
-1
1,3147.00,3241.87,213
0,3088,3296,248
0,3088.00,3296.27,248
-1
1,3148.00,3243.81,212
0,3090,3297,251
0,3090.00,3297.20,251
-1
1,3149.00,3243.99,213
0,3088,3295,251
0,3088.00,3295.11,251
-1
1,3149.00,3242.86,212
0,3088,3295,248
0,3088.00,3295.04,248
-1
1,3149.00,3243.68,211
0,3088,3296,252
0,3088.00,3295.55,252
-1
1,3148.00,3244.69,212
0,3088,3296,248
0,3088.00,3296.15,248
-1
1,3149.00,3244.49,211
0,3088,3295,249
0,3088.00,3294.87,249
-1
1,3150.00,3245.06,212
0,3089,3295,249
0,3089.00,3294.61,249
-1
1,3150.00,3242.84,212
0,3089,3296,250
0,3089.00,3295.75,250
-1
1,3150.00,3244.87,211
0,3091,3295,250
0,3091.00,3295.11,250
-1
1,3151.00,3245.19,210
0,3089,3295,249
0,3089.00,3294.68,249
-1
1,3149.00,3246.80,211
0,3091,3295,248
0,3091.00,3294.67,248
-1
1,3150.00,3247.27,211
0,3085,3294,245
0,3085.00,3294.47,245
-1
1,3150.00,3247.05,212
0,3087,3296,239
0,3087.00,3295.94,239
-1
1,3150.00,3247.19,211
0,3090,3298,238
0,3090.00,3297.82,238
-1
1,3151.00,3245.95,210
0,3093,3300,242
0,3093.00,3300.04,242
-1
1,3151.00,3247.12,210
0,3094,3299,244
0,3094.00,3299.41,244
-1
1,3150.00,3246.30,213
0,3093,3301,247
0,3093.00,3301.09,247
-1
1,3151.00,3247.52,214
0,3092,3301,249
0,3092.00,3301.08,249
-1
1,3153.00,3250.05,215
0,3155,3254,214
0,3155.00,3254.29,214
-1
1,3093.00,3304.50,253
0,3094,3305,250
0,3094.00,3305.06,250
-1
1,3156.00,3255.67,214
0,3093,3303,252
0,3093.00,3302.84,252
-1
1,3155.00,3258.72,219
0,3094,3301,256
0,3094.00,3301.02,256
-1
1,3154.00,3260.73,217
0,3091,3301,252
0,3091.00,3301.28,252
-1
1,3154.00,3259.95,215
0,3092,3300,253
0,3092.00,3300.38,253
-1
1,3155.00,3254.83,210
0,3093,3303,250
0,3093.00,3303.03,250
-1
2,3155.00,3253.97,211
0,3094,3303,249
0,3094.00,3302.53,249
-1
2,3156.00,3253.55,212
0,3156,3253,211
0,3156.00,3252.98,211
-1
0,3155,3251,211
0,3155.00,3250.89,211
-1
0,3156,3253,208
0,3156.00,3252.76,208
-1
0,3156,3253,209
0,3156.00,3253.23,209
-1
0,3155,3252,209
0,3155.00,3252.45,209
-1
0,3156,3253,210
0,3156.00,3253.21,210
-1
0,3155,3254,211
0,3155.00,3253.54,211
-1
0,3155,3254,211
0,3155.00,3253.98,211
-1
0,3154,3255,210
0,3154.00,3254.78,210
-1
0,3154,3256,209
0,3154.00,3255.54,209
-1
0,3154,3255,211
0,3154.00,3255.50,211
-1
0,3155,3255,211
0,3155.00,3255.41,211
-1
0,3154,3253,210
0,3154.00,3253.36,210
-1
0,3154,3252,208
0,3154.00,3251.91,208
-1
0,3153,3250,207
0,3153.00,3250.43,207
-1
0,3151,3253,210
0,3151.00,3252.73,210
-1
0,3151,3254,210
0,3151.00,3253.91,210
-1
0,3151,3254,209
0,3151.00,3254.38,209
-1
0,3150,3254,211
0,3150.00,3253.88,211
-1
-1
0,3144,3251,217
0,3144.00,3251.49,217
-1
0,3140,3251,214
0,3140.00,3251.13,214
-1
0,3089,3304,242
0,3089.00,3303.52,242
-1
1,3143.00,3244.56,210
0,3088,3303,241
0,3088.00,3303.06,241
-1
1,3141.00,3243.52,208
0,3090,3302,242
0,3090.00,3302.24,242
-1
1,3140.00,3243.76,211
0,3140,3240,220
0,3140.00,3240.34,220
-1
1,3097.00,3302.23,245
0,3097,3303,247
0,3097.00,3302.56,247
-1
1,3139.00,3243.13,215
0,3094,3303,245
0,3094.00,3303.47,245
-1
1,3140.00,3235.00,210
0,3144,3235,211
0,3144.00,3234.93,211
-1
1,3096.00,3302.38,242
0,3096,3303,244
0,3096.00,3302.90,244
-1
1,3141.00,3237.33,210
0,3140,3239,208
0,3140.00,3239.03,208
-1
1,3096.00,3302.41,241
0,3139,3237,205
0,3139.00,3237.16,205
-1
1,3096.00,3303.42,242
0,3095,3304,242
0,3095.00,3304.26,242
-1
1,3124.00,3207.20,198
0,3095,3304,246
0,3095.00,3304.45,246
-1
1,3124.00,3207.05,193
0,3121,3206,188
0,3121.00,3206.17,188
-1
0,3120,3207,190
0,3120.00,3206.62,190
-1
0,3117,3207,194
0,3117.00,3207.00,194
-1
1,3096.00,3302.50,244
0,3098,3302,246
0,3098.00,3302.26,246
-1
1,3116.00,3208.22,197
0,3117,3207,193
0,3117.00,3207.24,193
-1
0,3116,3207,196
0,3116.00,3207.11,196
-1
0,3115,3207,193
0,3115.00,3206.78,193
-1
0,3095,3302,255
0,3095.00,3302.10,255
-1
1,3114.00,3205.30,190
0,3113,3207,193
0,3113.00,3206.54,193
-1
0,3114,3206,188
0,3114.00,3206.47,188
-1
0,3115,3206,191
0,3115.00,3206.47,191
-1
0,3115,3205,188
0,3115.00,3205.35,188
-1
0,3115,3207,190
0,3115.00,3207.27,190
-1
-1
-1
-1
-1
-1
0,3094,3302,246
0,3094.00,3301.68,246
-1
0,3114,3206,186
0,3114.00,3205.61,186
-1
0,3114,3205,191
0,3114.00,3205.37,191
-1
0,3113,3205,190
0,3113.00,3204.71,190
-1
0,3113,3204,192
0,3113.00,3204.47,192
-1
0,3113,3205,194
0,3113.00,3204.59,194
-1
0,3113,3205,194
0,3113.00,3205.42,194
-1
0,3089,3301,249
0,3089.00,3300.91,249
-1
1,3112.00,3203.43,195
0,3088,3301,251
0,3088.00,3300.79,251
-1
1,3112.00,3204.25,197
0,3089,3301,251
0,3089.00,3301.47,251
-1
1,3111.00,3202.59,197
0,3091,3300,249
0,3091.00,3299.94,249
-1
1,3112.00,3202.99,197
0,3091,3300,248
0,3091.00,3300.10,248
-1
1,3110.00,3202.20,196
0,3090,3300,251
0,3090.00,3299.93,251
-1
1,3109.00,3202.03,197
0,3091,3299,250
0,3091.00,3298.58,250
-1
1,3109.00,3201.97,198
0,3108,3202,196
0,3108.00,3201.96,196
-1
0,3092,3300,251
0,3092.00,3300.34,251
-1
1,3108.00,3200.16,198
0,3088,3300,257
0,3088.00,3300.14,257
-1
1,3106.00,3200.01,200
0,3107,3200,197
0,3107.00,3199.55,197
-1
0,3090,3302,249
0,3090.00,3301.56,249
-1
1,3108.00,3198.87,197
0,3091,3301,251
0,3091.00,3301.07,251
-1
1,3108.00,3199.52,197
0,3090,3301,250
0,3090.00,3300.93,250
-1
1,3107.00,3199.75,198
0,3089,3301,249
0,3089.00,3301.49,249
-1
1,3107.00,3199.26,197
0,3090,3300,249
0,3090.00,3300.21,249
-1
1,3106.00,3199.61,195
0,3092,3301,249
0,3092.00,3300.76,249
-1
1,3107.00,3199.68,196
0,3105,3198,195
0,3105.00,3197.87,195
-1
1,3094.00,3300.65,248
0,3093,3300,250
0,3093.00,3300.06,250
-1
1,3105.00,3197.62,193
0,3104,3198,190
0,3104.00,3197.84,190
-1
1,3092.00,3300.11,247
0,3105,3198,189
0,3105.00,3197.71,189
-1
1,3094.00,3300.33,246
0,3106,3198,190
0,3106.00,3197.64,190
-1
1,3097.00,3300.31,247
0,3105,3197,190
0,3105.00,3197.24,190
-1
1,3096.00,3301.84,245
0,3105,3198,190
0,3105.00,3197.57,190
-1
1,3094.00,3301.71,245
0,3105,3198,190
0,3105.00,3197.85,190
-1
1,3095.00,3301.80,245
0,3105,3197,189
0,3105.00,3197.19,189
-1
1,3096.00,3301.32,246
0,3105,3198,190
0,3105.00,3197.90,190
-1
1,3091.00,3299.10,244
0,3105,3198,190
0,3105.00,3197.98,190
-1
1,3094.00,3298.76,246
0,3105,3198,189
0,3105.00,3197.79,189
-1
1,3095.00,3299.39,246
0,3096,3301,245
0,3096.00,3300.64,245
-1
1,3104.00,3197.45,188
0,3104,3198,188
0,3104.00,3197.52,188
-1
1,3094.00,3299.34,246
0,3104,3198,187
0,3104.00,3198.15,187
-1
1,3091.00,3300.63,245
0,3104,3198,188
0,3104.00,3197.64,188
-1
1,3093.00,3301.79,246
-1