-1
 1,3061.00,3289.27, 228
 2,2931.00,3469.30, 185
-1
 1,3064.00,3290.64, 228
 2,2932.00,3468.35, 186
-1
 1,3062.00,3291.56, 228
 2,2931.00,3468.62, 185
-1
 1,3063.00,3292.05, 228
0,3063,3294,231
-1
0,3064,3293,229
-1
0,3064,3292,229
-1
0,3061,3290,232
-1
0,3062,3288,231
-1
0,3061,3290,232
-1
0,3061,3288,233
-1
0,3060,3288,234
-1
0,3060,3287,233
-1
0,3062,3287,231
-1
0,3065,3287,231
-1
0,3065,3287,229
-1
0,2925,3477,194
-1
 2,3066.00,3287.92, 228
0,2924,3476,193
-1
 2,3064.00,3287.91, 227
0,3065,3289,228
-1
0,3066,3289,228
-1
0,3069,3288,228
-1
0,3068,3289,230
-1
0,3068,3290,229
-1
0,3069,3289,230
-1
0,3067,3287,230
-1
0,3068,3288,230
-1
0,3067,3288,231
-1
0,3068,3286,227
-1
0,3069,3284,230
-1
0,3068,3286,228
-1
0,3069,3287,228
-1
0,3068,3288,227
-1
0,3067,3287,228
-1
-1
 1,3067.00,3286.55, 228
0,3068,3287,229
-1
-1
 1,3067.00,3287.46, 228
-1
 1,3067.00,3287.54, 228
-1
 1,3065.00,3286.57, 228
0,3065,3286,229
-1
0,3067,3286,229
-1
-1
 1,3067.00,3286.22, 228
-1
 1,3068.00,3286.83, 228
-1
 1,3069.00,3287.96, 228
-1
 1,3067.00,3287.25, 228
-1
 1,3067.00,3286.74, 228
-1
 1,3069.00,3286.43, 227
-1
 1,3069.00,3285.47, 228
-1
 1,3068.00,3285.49, 228
-1
 1,3070.00,3286.29, 228
-1
 1,3070.00,3286.06, 228
-1
 1,3072.00,3286.42, 228
-1
 1,3069.00,3285.97, 227
-1
 1,3068.00,3287.21, 226
-1
 1,3067.00,3289.21, 227
-1
 1,3068.00,3288.89, 227
-1
 1,3067.00,3287.95, 230
-1
 1,3070.00,3287.22, 230
-1
 1,3068.00,3290.41, 230
0,3066,3293,229
-1
0,3067,3293,229
-1
0,3067,3291,230
-1
0,3067,3294,232
-1
0,3068,3292,232
-1
0,3069,3291,230
-1
0,3068,3289,228
-1
0,3070,3289,228
-1
0,3069,3291,227
-1
0,3069,3289,227
-1
-1
 1,3069.00,3290.60, 226
-1
 1,3070.00,3289.52, 226
-1
 1,3071.00,3289.32, 227
-1
 1,3069.00,3290.28, 227
0,3069,3290,227
-1
-1
 1,3069.00,3291.76, 227
-1
 1,3068.00,3291.29, 227
0,3069,3291,227
-1
-1
 1,3068.00,3289.59, 227
-1
 1,3069.00,3290.04, 228
-1
 1,3069.00,3289.65, 226
 2,2915.00,3476.76, 194
0,2916,3478,196
-1
 2,3070.00,3289.04, 226
0,3071,3289,226
-1
 1,2915.00,3478.50, 199
0,2918,3481,196
-1
 2,3071.00,3288.88, 226
0,2916,3480,194
-1
 2,3070.00,3291.06, 226
0,2918,3475,192
-1
 2,3071.00,3290.33, 227
0,3072,3291,227
-1
 1,2918.00,3475.08, 191
0,3073,3289,228
-1
0,3071,3287,229
-1
-1
 1,3068.00,3286.74, 229
0,3069,3286,231
-1
-1
 1,3067.00,3285.08, 234
-1
 1,3065.00,3283.40, 236
-1
 1,3063.00,3280.04, 237
-1
 1,3061.00,3284.09, 237
-1
 1,3058.00,3283.83, 240
-1
 1,3052.00,3285.44, 242
0,2922,3476,197
-1
 2,3048.00,3278.43, 244
-1
 1,3048.00,3278.89, 245
-1
 1,3049.00,3276.39, 244
-1
 1,3045.00,3277.48, 245
-1
 1,3044.00,3279.59, 248
-1
 1,3045.00,3279.52, 246
-1
 1,3044.00,3279.03, 244
-1
 1,3045.00,3278.39, 244
-1
 1,3044.00,3277.10, 247
0,3038,3274,249
-1
-1
 1,3040.00,3276.61, 249
-1
 1,3039.00,3274.36, 248
-1
 1,3037.00,3274.93, 246
0,3036,3275,245
-1
0,3042,3275,244
-1
-1
 1,3047.00,3278.08, 244
-1
 1,3048.00,3278.49, 245
0,3046,3279,245
-1
0,3054,3281,244
-1
 1,2917.00,3472.99, 193
0,2918,3475,191
-1
 2,3054.00,3280.68, 244
-1
 1,3055.00,3282.27, 247
 2,2918.00,3474.28, 190
0,2918,3476,190
-1
 2,3057.00,3282.76, 245
0,2922,3474,190
-1
 2,3059.00,3278.39, 245
-1
 1,3055.00,3277.76, 249
0,3056,3277,248
-1
0,3059,3275,247
-1
0,3055,3273,250
-1
-1
 1,3055.00,3271.06, 252
0,3052,3272,253
-1
0,3051,3276,253
-1
-1
 1,3052.00,3277.52, 252
-1
 1,3053.00,3280.00, 252
-1
 1,3056.00,3279.96, 251
-1
 1,3050.00,3278.13, 251
0,3048,3278,253
-1
0,3050,3279,254
-1
0,3051,3278,255
-1
0,3051,3277,252
-1
0,3056,3277,248
-1
-1
 1,3057.00,3274.09, 247
-1
 1,3058.00,3277.20, 247
-1
 1,3054.00,3273.50, 249
-1
 1,3056.00,3273.43, 251
0,3058,3272,252
-1
0,3063,3271,250
-1
-1
 1,3059.00,3271.53, 253
-1
 1,3057.00,3266.80, 254
-1
 1,3056.00,3268.10, 254
-1
 1,3061.00,3271.22, 250
-1
 1,3054.00,3265.69, 253
-1
 1,3059.00,3270.66, 251
-1
 1,3050.00,3262.77, 255
-1
 1,3048.00,3261.72, 257
-1
 1,3055.00,3268.55, 253
-1
 1,3059.00,3271.28, 250
-1
 1,3059.00,3269.56, 251
0,3057,3263,248
-1
0,3050,3259,254
-1
-1
0,3054,3259,251
-1
-1
-1
-1
-1
-1
-1
-1
-1
-1
0,3038,3252,244
-1
0,3036,3252,241
-1
-1
 1,3042.00,3251.78, 242
-1
 1,3044.00,3252.65, 245
0,3042,3252,246
-1
-1
 1,3038.00,3254.31, 246
0,3037,3254,244
-1
 1,2933.00,3496.38, 204
0,3039,3256,243
-1
 1,2931.00,3490.28, 201
0,3042,3259,240
-1
 1,2930.00,3487.46, 202
0,3040,3259,242
-1
0,3040,3258,241
-1
0,3040,3257,242
-1
-1
-1
-1
-1
-1
-1
-1
-1
-1
 1,3041.00,3257.17, 247
-1
 1,3038.00,3257.72, 246
-1
 1,3039.00,3258.49, 249
-1
 2,3043.00,3255.79, 249
-1
 2,3041.00,3256.35, 245
-1
 1,3039.00,3257.26, 244
-1
 1,3038.00,3257.27, 243
0,3041,3257,245
-1
-1
-1
-1
-1
-1
0,3043,3255,246
-1
-1
-1
-1
-1
-1
-1
-1
-1
-1
-1
0,3041,3259,243
-1
-1
-1
-1
0,3035,3256,246
-1
0,3036,3255,246
-1
-1
-1
-1
-1
-1
-1
-1
-1
-1
-1
-1
-1
-1
 1,3039.00,3256.16, 243
-1
-1
-1
-1
-1
-1
-1
-1
-1
-1
-1
-1
-1
-1
-1
-1
-1
-1
-1
-1
-1
-1
-1
 1,3047.00,3258.40, 243
-1
 1,3047.00,3256.60, 243
-1
-1
 1,3043.00,3256.89, 242
-1
 1,3045.00,3257.59, 243
-1
 1,3048.00,3257.17, 242
-1
 1,3047.00,3255.77, 244
-1
-1
-1
 1,3045.00,3256.51, 243
0,3048,3258,245
-1
0,3044,3256,245
-1
-1
-1
-1
-1
-1
 1,3042.00,3258.56, 242
-1
-1
-1
-1
-1
-1
 1,3036.00,3262.52, 241
-1
-1
-1
-1
-1
-1
-1
-1
-1
-1
-1
-1
 1,3042.00,3257.28, 244
-1
 1,3037.00,3258.64, 243
-1
 1,3039.00,3259.08, 243
-1
 1,3039.00,3260.51, 241
-1
 1,3039.00,3259.28, 242
-1
 1,3037.00,3260.47, 242
0,3038,3260,242
-1
0,3039,3260,241
-1
0,3037,3258,243
-1
0,3040,3258,244
-1
0,3040,3259,244
-1
0,3044,3260,243
-1
-1
 1,3046.00,3259.10, 245
-1
 1,3045.00,3258.29, 245
-1
 1,3045.00,3257.95, 246
-1
 1,3047.00,3258.85, 248
-1
 1,3049.00,3260.74, 247
-1
 1,3051.00,3256.69, 248
-1
 1,3049.00,3256.87, 249
0,3049,3254,248
-1
0,3050,3254,245
-1
0,3048,3253,246
-1
0,3048,3252,247
-1
0,3049,3252,246
-1
0,3047,3252,246
-1
0,3048,3254,246
-1
0,3046,3255,244
-1
-1
-1
-1
-1
-1
0,3043,3256,243
-1
-1
 1,3044.00,3257.77, 244
-1
-1
-1
-1
-1
-1
-1
-1
-1
-1
-1
0,3047,3255,252
-1
0,3051,3259,251
-1
-1
 1,3048.00,3257.82, 248
0,3048,3257,248
-1
-1
-1
 1,3044.00,3258.27, 246
-1
 1,3044.00,3257.55, 246
-1
 1,3045.00,3256.57, 247
-1
 1,3048.00,3257.40, 248
-1
-1
 1,3047.00,3256.05, 247
0,3048,3255,247
-1
-1
 1,3049.00,3254.93, 249
-1
 1,3046.00,3254.91, 247
-1
-1
 1,3046.00,3256.73, 247
-1
-1
-1
 1,3054.00,3259.28, 249
-1
 1,3055.00,3258.54, 248
0,3048,3257,250
-1
-1
 1,3051.00,3257.89, 250
-1
 1,3050.00,3255.56, 249
0,3052,3256,249
-1
0,3048,3254,250
-1
0,3050,3256,248
-1
0,3047,3256,249
-1
0,3050,3256,249
-1
0,3050,3257,250
-1
0,3049,3257,249
-1
0,3059,3259,248
-1
0,3058,3259,249
-1
0,3059,3257,250
-1
0,3057,3258,250
-1
0,3054,3255,249
-1
0,3054,3258,248
-1
0,3055,3256,248
-1
-1
 1,3051.00,3255.50, 249
0,3053,3255,248
-1
0,3053,3255,249
-1
-1
0,3049,3253,248
-1
-1
0,3053,3255,249
-1
-1
0,3053,3256,250
-1
0,3053,3254,250
-1
0,3054,3252,248
-1
0,3052,3253,249
-1
0,3053,3253,248
-1
0,3056,3254,249
-1
0,3056,3253,249
-1
0,3057,3253,250
-1
-1
0,3052,3252,250
-1
0,3055,3253,251
-1
0,3053,3254,250
-1
0,3053,3254,251
-1
0,3052,3254,248
-1
0,3057,3255,249
-1
0,3062,3260,250
-1
0,3065,3261,251
-1
-1
 1,3067.00,3264.15, 250
-1
 1,3064.00,3264.57, 250
-1
 1,3062.00,3262.86, 250
0,3060,3263,249
-1
0,3059,3262,247
-1
0,3060,3265,247
-1
-1
 1,3060.00,3263.45, 246
0,3061,3264,245
-1
0,3062,3263,245
-1
0,3062,3260,246
-1
-1
 1,3062.00,3260.08, 248
-1
 1,3064.00,3261.88, 250
-1
 1,3065.00,3266.43, 252
-1
 1,3063.00,3265.63, 252
-1
 1,3062.00,3267.22, 251
-1
 1,3062.00,3265.41, 250
-1
 1,3064.00,3265.89, 249
-1
 1,3065.00,3267.11, 248
-1
 1,3064.00,3266.11, 248
0,3064,3266,249
-1
-1
 1,3064.00,3267.26, 249
-1
 1,3064.00,3268.81, 249
-1
 1,3063.00,3267.24, 247
-1
 1,3064.00,3267.45, 249
0,3064,3266,248
-1
0,3063,3263,247
-1
-1
 1,3064.00,3262.45, 248
-1
 1,3065.00,3264.63, 247
-1
 1,3062.00,3263.25, 251
-1
 1,3062.00,3263.95, 251
-1
 1,3063.00,3264.33, 252
-1
 1,3060.00,3264.13, 252
-1
 1,3063.00,3267.20, 250
-1
 1,3061.00,3266.92, 252
-1
 1,3062.00,3265.18, 252
-1
 1,3063.00,3263.34, 250
-1
 1,3064.00,3262.70, 250
-1
 1,3062.00,3262.20, 251
-1
 1,3060.00,3262.46, 250
-1
 1,3060.00,3265.54, 251
-1
 1,3062.00,3267.93, 249
-1
 1,3062.00,3267.46, 250
-1
 1,3065.00,3269.25, 247
-1
 1,3057.00,3265.97, 248
0,3062,3268,247
-1
0,3061,3266,247
-1
-1
 1,3062.00,3268.99, 250
0,3063,3268,247
-1
0,3063,3268,246
-1
-1
 1,3062.00,3268.10, 247
0,3062,3267,248
-1
0,3062,3268,249
-1
-1
 1,3062.00,3270.09, 247
-1
 1,3063.00,3272.64, 249
-1
 1,3062.00,3269.41, 249
-1
 1,3063.00,3269.88, 249
-1
 1,3063.00,3271.30, 250
-1
 1,3065.00,3271.44, 247
-1
 1,3068.00,3274.47, 245
-1
 1,3068.00,3273.67, 247
-1
 1,3068.00,3271.79, 245
-1
 1,3068.00,3272.64, 244
-1
 1,3064.00,3272.62, 244
-1
 1,3067.00,3271.59, 244
-1
 1,3063.00,3270.88, 246
-1
 1,3062.00,3271.14, 244
-1
 1,3061.00,3270.65, 244
0,3062,3271,246
-1
-1
 1,3063.00,3270.29, 245
0,3060,3270,247
-1
0,3058,3268,248
-1
-1
 1,3061.00,3269.35, 247
0,3058,3269,246
-1
0,3058,3267,248
-1
-1
 1,3060.00,3268.75, 248
-1
 1,3057.00,3269.13, 249
0,3059,3268,248
-1
-1
 1,3061.00,3267.95, 249
-1
 1,3063.00,3268.23, 249
-1
 1,3065.00,3269.46, 248
0,3062,3269,248
-1
0,3061,3270,248
-1
-1
 1,3059.00,3269.36, 248
-1
 1,3059.00,3269.51, 248
-1
 1,3058.00,3269.76, 248
-1
 1,3059.00,3267.31, 248
-1
 1,3058.00,3267.66, 250
-1
 1,3058.00,3271.02, 250
0,3057,3270,248
-1
0,3057,3272,247
-1
0,3055,3271,247
-1
0,3057,3271,248
-1
0,3058,3272,248
-1
0,3057,3269,247
-1
-1
 1,3057.00,3267.54, 246
-1
 1,3058.00,3267.85, 247
0,3056,3266,248
-1
0,3058,3265,249
-1
0,3058,3266,251
-1
0,3061,3264,249
-1
-1
 1,3062.00,3262.60, 250
-1
 1,3062.00,3262.51, 248
-1
 1,3063.00,3258.32, 245
-1
 1,3064.00,3255.34, 243
0,3064,3255,245
-1
-1
-1
-1
-1
-1
-1
 1,3055.00,3256.80, 244
-1
 1,3054.00,3255.54, 244
0,3054,3257,245
-1
-1
 1,3051.00,3255.85, 244
0,3051,3257,243
-1
0,3052,3258,242
-1
0,3054,3255,244
-1
-1
0,3053,3259,245
-1
0,3048,3258,243
-1
-1
 1,3047.00,3257.75, 240
-1
-1
-1
-1
0,3055,3259,241
-1
0,3051,3262,240
-1
-1
-1
-1
-1
-1
-1
-1
0,3055,3261,243
-1
-1
 1,3056.00,3261.27, 242
-1
-1
-1
-1
0,3056,3260,242
-1
-1
 1,3059.00,3259.72, 242
-1
-1
-1
-1
 1,3054.00,3264.44, 241
0,3067,3265,244
-1
-1
 1,3066.00,3264.35, 244
0,3063,3264,245
-1
0,3065,3267,245
-1
0,3060,3267,245
-1
-1
 1,3062.00,3267.03, 242
0,3062,3267,242
-1
0,3058,3265,242
-1
0,3057,3266,242
-1
0,3054,3268,243
-1
0,3054,3267,243
-1
0,3053,3267,243
-1
-1
 1,3046.00,3264.29, 246
-1
 1,3045.00,3267.88, 245
-1
 1,3045.00,3269.37, 244
-1
 1,3053.00,3271.02, 244
-1
 1,3055.00,3274.46, 244
-1
 1,3052.00,3276.42, 245
0,3051,3277,244
-1
0,3051,3277,243
-1
-1
 1,3053.00,3274.19, 243
-1
 1,3051.00,3272.15, 242
-1
 1,3050.00,3274.17, 242
-1
 1,3048.00,3275.09, 242
-1
 1,3052.00,3274.32, 242
0,3052,3274,242
-1
-1
 1,3054.00,3271.51, 242
-1
 1,3055.00,3271.87, 244
-1
 1,3057.00,3271.92, 244
-1
 1,3060.00,3273.92, 242
-1
 1,3062.00,3273.35, 240
-1
 1,3059.00,3274.83, 242
0,3058,3275,241
-1
0,3054,3274,242
-1
-1
 1,3057.00,3274.88, 241
-1
 1,3059.00,3275.63, 240
-1
 1,3059.00,3274.75, 240
-1
 1,3057.00,3274.77, 238
-1
 1,3058.00,3274.42, 238
-1
 1,3060.00,3272.54, 240
-1
 1,3061.00,3272.40, 239
-1
 1,3062.00,3272.82, 238
-1
 1,3064.00,3269.50, 236
-1
 1,3063.00,3267.84, 236
-1
 1,3061.00,3269.43, 236
-1
 1,3059.00,3267.95, 237
-1
 1,3057.00,3272.52, 238
0,3058,3271,241
-1
0,3061,3273,242
-1
0,3060,3273,241
-1
0,3063,3272,238
-1
-1
 1,3061.00,3274.06, 236
0,3060,3274,232
-1
-1
 1,3063.00,3274.12, 231
-1
 1,3066.00,3272.33, 233
-1
 1,3063.00,3270.49, 231
0,3059,3270,231
-1
-1
 1,3059.00,3271.18, 230
-1
 1,3056.00,3269.82, 229
-1
 1,3057.00,3270.46, 230
-1
 1,3058.00,3272.29, 229
-1
 1,3060.00,3273.42, 228
0,3057,3274,227
-1
0,3058,3275,227
-1
0,3060,3274,227
-1
-1
 1,3061.00,3275.97, 227
-1
 1,3061.00,3273.65, 228
-1
 1,3060.00,3272.37, 228
0,3061,3273,228
-1
0,3060,3273,228
-1
0,3061,3272,228
-1
-1
 1,3061.00,3272.29, 226
0,3061,3272,227
-1
0,3062,3272,226
-1
0,3062,3272,227
-1
0,3061,3273,228
-1
0,3060,3274,228
-1
-1
 1,3059.00,3272.03, 229
-1
 1,3060.00,3272.25, 229
-1
 1,3060.00,3275.93, 230
-1
 1,3062.00,3276.13, 231
-1
 1,3059.00,3274.42, 232
0,3060,3274,231
-1
0,3061,3275,232
-1
-1
 1,3059.00,3274.04, 232
0,3060,3275,231
-1
-1
 1,3062.00,3274.25, 231
0,3061,3273,229
-1
0,3065,3276,229
-1
0,3067,3276,227
-1
0,3068,3277,225
-1
0,3066,3276,226
-1
0,3062,3277,233
-1
0,3061,3275,233
-1
0,3061,3274,234
-1
0,3061,3274,232
-1
0,3061,3275,232
-1
0,3061,3274,233
-1
0,3061,3275,233
-1
0,3062,3275,233
-1
0,3058,3273,231
-1
0,3058,3271,231
-1
0,3057,3274,230
-1
0,3056,3273,230
-1
0,3057,3272,230
-1
-1
 1,3057.00,3272.30, 232
-1
 1,3057.00,3270.06, 231
-1
 1,3057.00,3271.82, 232
0,3058,3272,234
-1
0,3060,3272,234
-1
-1
 1,3058.00,3269.94, 235
0,3059,3270,235
-1
0,3058,3270,234
-1
0,3058,3270,235
-1
-1
 1,3060.00,3270.80, 236
0,3060,3271,236
-1
-1
 1,3061.00,3270.48, 236
0,3061,3270,236
-1
-1
 1,3061.00,3270.63, 235
-1
 1,3062.00,3271.18, 237
-1
 1,3061.00,3270.55, 237
0,3060,3270,236
-1
-1
 1,3061.00,3270.25, 237
0,3059,3269,235
-1
0,3062,3271,236
-1
0,3063,3270,237
-1
0,3062,3268,237
-1
0,3060,3270,236
-1
-1
 1,3062.00,3270.95, 236
-1
 1,3061.00,3269.45, 237
-1
 1,3060.00,3270.09, 237
0,3061,3270,235
-1
-1
 1,3059.00,3268.77, 236
-1
 1,3061.00,3268.50, 237
-1
 1,3061.00,3268.92, 237
0,3061,3268,237
-1
0,3059,3268,236
-1
0,3059,3268,235
-1
0,3059,3269,235
-1
0,3061,3270,234
-1
0,3062,3270,234
-1
0,3062,3268,234
-1
0,3063,3269,234
-1
0,3062,3269,235
-1
0,3063,3269,236
-1
0,3061,3268,234
-1
0,3062,3268,234
-1
0,3064,3270,234
-1
-1
 1,3064.00,3268.39, 235
-1
 1,3065.00,3267.72, 235
0,3066,3269,234
-1
0,3067,3269,236
-1
-1
 1,3058.00,3266.32, 237
0,3059,3268,235
-1
-1
 1,3059.00,3269.08, 237
-1
 1,3061.00,3269.18, 236
-1
 1,3060.00,3267.32, 235
0,3060,3267,235
-1
-1
 1,3057.00,3269.78, 236
0,3057,3270,236
-1
-1
 1,3058.00,3268.76, 234
-1
 1,3056.00,3268.11, 235
-1
 1,3059.00,3269.62, 235
0,3060,3268,234
-1
0,3060,3268,235
-1
-1
 1,3060.00,3269.83, 235
-1
 1,3059.00,3269.54, 236
-1
 1,3058.00,3266.68, 236
-1
 1,3057.00,3267.94, 237
0,3058,3269,236
-1
0,3058,3268,236
-1
-1
 1,3060.00,3267.17, 235
0,3057,3268,237
-1
-1
 1,3056.00,3266.80, 237
0,3059,3267,236
-1
0,3058,3268,236
-1
-1
 1,3059.00,3267.67, 235
-1
 1,3058.00,3268.53, 234
-1
 1,3059.00,3268.34, 236
-1
 1,3059.00,3267.76, 236
0,3059,3267,236
-1
0,3058,3267,237
-1
-1
 1,3059.00,3270.35, 236
-1
 1,3059.00,3269.57, 236
-1
 1,3060.00,3270.40, 235
-1
 1,3059.00,3269.15, 235
0,3060,3271,235
-1
-1
 1,3060.00,3269.80, 232
-1
 1,3059.00,3270.59, 232
-1
 1,3062.00,3269.81, 232
0,3062,3270,232
-1
-1
 1,3062.00,3271.03, 232
-1
 1,3062.00,3271.27, 232
0,3061,3270,231
-1
-1
 1,3061.00,3269.86, 232
0,3061,3270,232
-1
-1
 1,3060.00,3270.32, 233
0,3059,3271,232
-1
-1
 1,3060.00,3270.53, 232
0,3061,3272,234
-1
0,3059,3272,233
-1
-1
 1,3059.00,3271.42, 232
-1
 1,3057.00,3269.49, 233
-1
 1,3060.00,3269.99, 233
0,3061,3272,234
-1
-1
 1,3059.00,3273.50, 234
0,3058,3270,235
-1
0,3058,3269,234
-1
0,3060,3270,233
-1
0,3061,3271,233
-1
-1
 1,3060.00,3270.91, 233
-1
 1,3059.00,3270.11, 233
-1
 1,3062.00,3272.81, 235
-1
 1,3063.00,3273.03, 234
0,3061,3273,233
-1
0,3061,3271,233
-1
0,3059,3270,234
-1
0,3059,3270,233
-1
0,3060,3269,233
-1
-1
 1,3059.00,3269.26, 233
-1
 1,3060.00,3270.43, 232
0,3059,3269,232
-1
-1
 1,3058.00,3269.31, 232
0,3058,3269,231
-1
0,3059,3269,232
-1
-1
 1,3058.00,3268.15, 231
-1
 1,3059.00,3268.23, 230
-1
 1,3059.00,3267.94, 231
-1
 1,3058.00,3267.99, 232
-1
 1,3056.00,3267.92, 233
0,3056,3267,232
-1
0,3057,3269,234
-1
0,3056,3267,235
-1
0,3057,3267,235
-1
0,3058,3267,235
-1
0,3059,3268,234
-1
-1
 1,3058.00,3267.65, 234
-1
 1,3059.00,3268.29, 234
0,3058,3268,234
-1
0,3059,3270,234
-1
0,3061,3268,234
-1
0,3060,3268,234
-1
0,3060,3272,231
-1
0,3062,3271,232
-1
-1
 1,3061.00,3269.06, 233
-1
 1,3057.00,3267.33, 234
-1
 1,3057.00,3268.59, 234
0,3058,3268,233
-1
-1
 1,3058.00,3266.20, 234
-1
 1,3060.00,3267.42, 234
-1
 1,3058.00,3266.62, 234
-1
 1,3062.00,3267.96, 233
-1
 1,3062.00,3265.26, 235
-1
 1,3062.00,3265.48, 234
-1
 1,3063.00,3265.70, 233
-1
 1,3063.00,3265.65, 231
-1
 1,3058.00,3265.73, 230
-1
 1,3061.00,3270.97, 228
-1
 1,3054.00,3261.78, 227
0,3059,3272,226
-1
0,3062,3277,227
-1
0,3067,3285,227
-1
0,3073,3299,230
-1
0,3072,3310,235
-1
0,3073,3322,236
-1
0,3072,3345,240
-1
0,3068,3359,240
-1
0,3067,3364,238
-1
0,3067,3364,239
-1
0,3066,3364,240
-1
0,3066,3363,237
-1
0,3067,3364,234
-1
0,3067,3361,237
-1
0,3072,3355,237
-1
0,3066,3355,237
-1
0,3065,3355,237
-1
0,3063,3359,237
-1
0,3066,3360,238
-1
0,3064,3362,238
-1
0,3064,3362,236
-1
0,3064,3362,235
-1
0,3064,3360,235
-1
0,3062,3358,234
-1
0,3062,3357,235
-1
0,3061,3357,235
-1
0,3061,3359,237
-1
-1
 1,3058.00,3364.28, 234
-1
 1,3061.00,3361.89, 236
-1
 1,3061.00,3363.87, 235
-1
 1,3061.00,3363.78, 235
0,3063,3364,233
-1
0,3061,3364,235
-1
0,3058,3366,234
-1
-1
 1,3055.00,3363.22, 235
0,3055,3365,235
-1
0,3054,3365,237
-1
0,3053,3366,236
-1
0,3056,3369,235
-1
0,3054,3368,235
-1
0,3055,3366,236
-1
0,3052,3369,237
-1
0,3053,3368,236
-1
0,3054,3363,243
-1
0,3055,3363,241
-1
0,3053,3357,243
-1
0,3055,3359,242
-1
0,3053,3363,242
-1
0,3054,3365,244
-1
0,3055,3366,245
-1
0,3052,3368,245
-1
0,3055,3365,245
-1
0,3059,3364,243
-1
0,3057,3365,242
-1
0,3055,3366,243
-1
0,3056,3364,241
-1
0,3055,3367,243
-1
0,3054,3364,242
-1
0,3053,3364,244
-1
0,3055,3365,245
-1
0,3053,3367,244
-1
0,3051,3371,242
-1
0,3054,3366,241
-1
0,3056,3361,240
-1
0,3054,3365,238
-1
0,3053,3363,238
-1
0,3057,3366,237
-1
-1
 1,3058.00,3370.34, 238
-1
 1,3058.00,3369.01, 239
-1
 1,3056.00,3366.05, 243
0,3051,3366,244
-1
-1
 1,3048.00,3369.01, 248
0,3043,3370,249
-1
0,3039,3367,240
-1
0,3044,3368,235
-1
0,3050,3372,230
-1
-1
 1,3047.00,3369.22, 233
-1
 1,3046.00,3367.95, 234
-1
 1,3049.00,3370.63, 233
-1
 1,3050.00,3375.85, 236
-1
 1,3051.00,3376.10, 236
-1
 1,3049.00,3377.06, 237
0,3051,3371,238
-1
0,3052,3366,238
-1
0,3049,3368,239
-1
0,3052,3360,241
-1
0,3053,3352,240
-1
0,3056,3346,239
-1
0,3055,3343,238
-1
0,3054,3344,239
-1
0,3055,3345,238
-1
0,3054,3347,238
-1
-1
 1,3051.00,3344.39, 239
-1
 1,3054.00,3348.79, 240
-1
 1,3054.00,3349.48, 239
-1
 1,3055.00,3353.63, 239
0,3054,3350,241
-1
-1
 1,3057.00,3352.44, 242
-1
 1,3059.00,3337.44, 240
-1
 1,3057.00,3339.46, 240
-1
 1,3057.00,3338.73, 238
-1
 1,3060.00,3338.32, 237
0,3061,3338,235
-1
-1
 1,3065.00,3337.47, 235
-1
 1,3062.00,3339.15, 235
-1
 1,3060.00,3340.49, 238
-1
 1,3059.00,3342.41, 237
-1
 1,3059.00,3346.01, 238
0,3056,3357,239
-1
-1
 1,3050.00,3365.91, 243
0,3046,3374,246
-1
-1
 1,3044.00,3375.30, 246
0,3044,3374,245
-1
-1
 1,3047.00,3366.59, 244
-1
 1,3046.00,3359.89, 242
0,3054,3342,239
-1
-1
 1,3055.00,3342.49, 239
0,3053,3343,239
-1
0,3058,3340,239
-1
0,3053,3339,238
-1
0,3053,3344,238
-1
0,3050,3347,239
-1
0,3049,3348,239
-1
0,3047,3352,239
-1
-1
 1,3045.00,3350.75, 240
-1
 1,3047.00,3344.90, 238
0,3048,3344,239
-1
-1
 1,3047.00,3346.14, 239
0,3048,3345,240
-1
0,3048,3345,240
-1
-1
 1,3052.00,3344.83, 240
0,3052,3346,239
-1
0,3053,3345,241
-1
0,3053,3348,242
-1
0,3048,3356,242
-1
0,3045,3359,244
-1
-1
 1,3045.00,3363.09, 244
-1
 1,3046.00,3368.72, 245
-1
 1,3046.00,3366.97, 243
0,3045,3365,243
-1
-1
 1,3044.00,3350.10, 241
-1
 1,3048.00,3342.56, 240
-1
 1,3053.00,3333.91, 240
0,3059,3325,239
-1
-1
 1,3064.00,3321.72, 240
-1
 1,3066.00,3310.63, 237
-1
 1,3067.00,3295.75, 236
-1
 1,3067.00,3293.08, 234
-1
 1,3069.00,3288.94, 234
-1
 1,3069.00,3282.80, 233
-1
 1,3071.00,3282.62, 233
-1
 1,3068.00,3280.58, 231
-1
 1,3067.00,3283.65, 228
0,3068,3281,229
-1
-1
 1,3068.00,3282.49, 229
0,3071,3284,229
-1
0,3071,3284,228
-1
0,3074,3281,229
-1
-1
 1,3077.00,3281.70, 233
0,3076,3285,233
-1
-1
 1,3078.00,3285.82, 234
-1
 1,3076.00,3287.06, 237
-1
 1,3076.00,3292.30, 239
-1
 1,3072.00,3293.02, 236
-1
 1,3070.00,3295.05, 236
-1
 1,3069.00,3295.40, 237
-1
 1,3069.00,3297.97, 237
-1
 1,3072.00,3302.95, 239
0,3073,3303,239
-1
-1
 1,3074.00,3302.48, 239
-1
 1,3073.00,3298.61, 240
0,3071,3297,239
-1
-1
 1,3070.00,3296.12, 239
0,3068,3295,238
-1
0,3066,3292,236
-1
-1
 1,3064.00,3289.06, 236
0,3063,3287,237
-1
0,3063,3284,238
-1
0,3061,3281,237
-1
0,3060,3279,233
-1
0,3059,3277,233
-1
-1
 1,3058.00,3276.09, 234
-1
 1,3053.00,3272.45, 232
-1
 1,3053.00,3267.90, 233
-1
 1,3051.00,3265.38, 232
-1
 1,3053.00,3267.04, 232
0,3052,3268,232
-1
0,3052,3268,232
-1
0,3053,3269,234
-1
0,3053,3270,233
-1
0,3053,3270,233
-1
0,3054,3271,233
-1
0,3053,3270,232
-1
-1
 1,3048.00,3268.42, 231
0,3052,3268,231
-1
-1
 1,3055.00,3267.97, 229
0,3054,3268,228
-1
0,3056,3268,229
-1
0,3055,3268,228
-1
0,3056,3269,228
-1
0,3054,3267,228
-1
-1
 1,3053.00,3267.74, 228
-1
 1,3053.00,3269.24, 228
0,3057,3268,228
-1
0,3056,3267,228
-1
0,3056,3268,227
-1
0,3054,3268,228
-1
0,3056,3268,228
-1
0,3057,3270,228
-1
0,3057,3269,228
-1
0,3058,3270,227
-1
0,3058,3271,227
-1
0,3057,3270,227
-1
0,3056,3270,229
-1
0,3058,3268,228
-1
0,3057,3267,229
-1
0,3055,3266,229
-1
0,3053,3266,231
-1
0,3055,3269,229
-1
0,3057,3268,230
-1
0,3055,3270,229
-1
0,3057,3268,229
-1
0,3056,3269,229
-1
0,3055,3267,228
-1
0,3054,3266,228
-1
0,3056,3267,227
-1
0,3057,3268,228
-1
0,3055,3266,228
-1
0,3057,3266,228
-1
0,3059,3268,229
-1
0,3057,3266,230
-1
0,3058,3267,230
-1
0,3058,3270,230
-1
0,3059,3269,230
-1
0,3057,3268,230
-1
0,3056,3268,230
-1
0,3057,3267,229
-1
0,3056,3266,229
-1
0,3058,3266,227
-1
0,3059,3265,230
-1
0,3058,3268,230
-1
0,3061,3268,231
-1
0,3062,3267,231
-1
0,3063,3269,229
-1
0,3063,3269,229
-1
-1
 1,3060.00,3268.19, 227
-1
 1,3061.00,3269.86, 227
-1
 1,3064.00,3272.44, 229
-1
 2,3063.00,3272.01, 228
0,3058,3271,229
-1
0,3060,3273,230
-1
-1
 1,3060.00,3272.46, 231
0,3060,3274,232
-1
-1
 1,3059.00,3277.45, 233
0,3061,3278,234
-1
0,3061,3277,235
-1
-1
 2,3061.00,3278.80, 233
-1
 1,3062.00,3275.44, 232
-1
 2,3061.00,3275.81, 233
-1
 2,3061.00,3276.31, 234
0,3059,3277,237
-1
0,3057,3274,237
-1
0,3056,3277,237
-1
0,3057,3277,237
-1
0,3057,3276,237
-1
0,3058,3275,237
-1
-1
 1,3059.00,3277.02, 236
0,3059,3276,235
-1
 2,2908.00,3478.45, 202
-1
 1,3059.00,3275.94, 237
0,3060,3275,237
-1
0,3055,3276,238
-1
 2,2912.00,3473.33, 201
0,3056,3274,235
-1
 1,2913.00,3475.43, 203
0,3058,3275,236
-1
 2,2913.00,3473.96, 200
0,3058,3275,236
-1
0,3058,3275,235
-1
0,3057,3274,238
-1
0,3058,3275,238
-1
0,3059,3276,238
-1
-1
 1,3060.00,3274.41, 236
0,3060,3275,237
-1
0,3060,3276,237
-1
0,3059,3274,236
-1
0,3060,3275,239
-1
0,3063,3275,240
-1
0,3062,3274,238
-1
0,3060,3273,239
-1
0,3060,3275,239
-1
0,3059,3275,240
-1
0,3059,3276,240
-1
0,3060,3276,239
-1
0,3061,3276,239
-1
0,3063,3276,237
-1
0,3065,3276,238
-1
0,3063,3275,238
-1
0,3062,3274,236
-1
0,3063,3274,235
-1
0,3062,3273,236
-1
0,3061,3272,236
-1
0,3061,3271,237
-1
0,3061,3270,236
-1
0,3059,3270,237
-1
0,3060,3270,236
-1
0,3059,3270,238
-1
0,3059,3270,237
-1
0,3060,3273,238
-1
0,3061,3273,237
-1
0,3060,3274,237
-1
0,3060,3273,236
-1
0,3059,3272,235
-1
0,3060,3274,236
-1
-1
 1,3061.00,3272.66, 236
0,3059,3273,236
-1
0,3059,3272,236
-1
0,3057,3270,235
-1
0,3060,3271,236
-1
0,3061,3272,238
-1
0,3060,3271,238
-1
0,3060,3272,237
-1
0,3060,3272,236
-1
0,3058,3273,234
-1
0,3057,3272,232
-1
0,3057,3273,232
-1
0,3059,3274,232
-1
0,3058,3273,232
-1
0,3056,3273,231
-1
-1
 1,3057.00,3273.89, 232
-1
 1,3059.00,3275.47, 231
0,3059,3274,230
-1
0,3060,3277,231
-1
0,3061,3276,231
-1
-1
 1,3060.00,3276.88, 231
-1
 1,3060.00,3277.79, 232
-1
 1,3062.00,3277.64, 231
-1
 1,3060.00,3278.70, 231
-1
 1,3059.00,3275.41, 231
-1
 1,3062.00,3276.34, 231
-1
 1,3063.00,3277.98, 233
0,3062,3278,233
-1
0,3063,3279,235
-1
0,3065,3280,234
-1
0,3065,3279,232
-1
-1
 1,3065.00,3281.11, 233
-1
 1,3063.00,3279.99, 232
-1
 1,3062.00,3281.23, 231
0,3064,3282,231
-1
0,3064,3283,232
-1
0,3064,3282,231
-1
0,3064,3281,233
-1
-1
 1,3061.00,3279.77, 232
-1
 1,3064.00,3279.33, 232
-1
 1,3066.00,3280.71, 233
0,3064,3280,233
-1
0,3062,3280,232
-1
-1
 1,3062.00,3278.21, 232
0,3062,3280,232
-1
0,3061,3279,230
-1
0,3062,3280,232
-1
0,3063,3279,232
-1
0,3062,3277,232
-1
0,3062,3277,230
-1
0,3061,3277,233
-1
0,3064,3277,232
-1
-1
 1,3063.00,3277.79, 233
0,3062,3276,233
-1
0,3059,3277,234
-1
0,3062,3277,232
-1
0,3062,3277,233
-1
0,3059,3277,233
-1
0,3057,3276,232
-1
-1
 1,3059.00,3276.68, 233
-1
 1,3057.00,3275.96, 234
-1
 1,3058.00,3275.92, 234
0,3059,3277,233
-1
0,3057,3279,234
-1
0,3059,3277,233
-1
0,3059,3278,233
-1
0,3060,3279,232
-1
0,3058,3276,232
-1
0,3059,3276,232
-1
0,3059,3274,233
-1
0,3060,3275,234
-1
0,3060,3276,234
-1
0,3061,3277,234
-1
0,3061,3277,234
-1
-1
 1,3063.00,3275.56, 234
0,3062,3273,233
-1
-1
 1,3060.00,3272.24, 233
0,3061,3273,232
-1
0,3061,3273,232
-1
0,3061,3272,231
-1
0,3061,3273,231
-1
0,3061,3273,230
-1
0,3063,3273,231
-1
0,3063,3271,231
-1
0,3064,3271,232
-1
0,3063,3272,232
-1
0,3062,3272,232
-1
0,3063,3273,231
-1
0,3064,3271,231
-1
0,3063,3273,233
-1
0,3063,3273,233
-1
0,3064,3272,233
-1
0,3063,3272,233
-1
0,3065,3276,233
-1
-1
 1,3064.00,3274.18, 234
-1
 1,3064.00,3273.74, 233
-1
 1,3063.00,3274.08, 233
-1
 1,3064.00,3273.87, 233
-1
 1,3063.00,3273.65, 232
-1
 1,3062.00,3273.83, 232
-1
 1,3062.00,3273.59, 232
0,3062,3273,231
-1
-1
 1,3063.00,3273.03, 232
-1
 1,3062.00,3273.73, 233
0,3061,3273,234
-1
-1
 1,3061.00,3272.21, 236
0,3063,3274,234
-1
0,3061,3273,234
-1
0,3061,3274,234
-1
0,3061,3275,233
-1
0,3063,3275,233
-1
0,3062,3275,233
-1
0,3060,3276,233
-1
0,3061,3274,234
-1
0,3061,3275,233
-1
0,3058,3275,233
-1
0,3059,3276,233
-1
0,3059,3274,234
-1
0,3061,3274,233
-1
0,3061,3273,234
-1
0,3060,3273,233
-1
0,3059,3273,234
-1
0,3059,3271,234
-1
0,3058,3274,235
-1
0,3058,3273,233
-1
0,3058,3274,232
-1
0,3060,3274,233
-1
0,3060,3273,233
-1
0,3061,3274,233
-1
0,3062,3274,233
-1
0,3061,3275,232
-1
0,3063,3276,232
-1
0,3063,3278,232
-1
0,3061,3277,233
-1
0,3062,3278,235
-1
-1
 1,3063.00,3276.31, 234
0,3063,3274,233
-1
0,3063,3274,234
-1
0,3063,3275,232
-1
0,3063,3275,233
-1
0,3064,3276,233
-1
0,3062,3276,233
-1
0,3061,3275,234
-1
0,3061,3275,234
-1
0,3061,3274,233
-1
0,3062,3274,233
-1
0,3060,3274,233
-1
0,3061,3273,233
-1
0,3062,3274,232
-1
0,3062,3275,232
-1
0,3063,3275,233
-1
0,3062,3274,233
-1
0,3062,3274,233
-1
0,3061,3275,231
-1
0,3063,3275,232
-1
0,3064,3275,232
-1
0,3061,3276,233
-1
0,3061,3275,231
-1
0,3061,3274,231
-1
0,3063,3274,231
-1
0,3064,3275,231
-1
0,3063,3274,230
-1
-1
 1,3063.00,3274.01, 229
0,3063,3275,230
-1
0,3063,3274,230
-1
0,3063,3274,230
-1
0,3062,3273,231
-1
0,3062,3274,230
-1
-1
 1,3061.00,3273.84, 231
0,3062,3273,229
-1
0,3063,3275,229
-1
