-1
1,379,438.36,53
-1
2,221,309.44,52
-1
1,222,311.9,52
-1
2,382,438.64,55
-1
0,222,311.81,51
-1
2,381,438.72,55
-1
0,223,313.36,50
-1
2,383,439.02,57
-1
1,384,439.14,58
-1
2,226,315.42,49
-1
1,385,439.24,58
-1
2,228,315.35,49
-1
1,386,439.95,57
-1
3,230,314.01,50
-1
0,387,439.16,59
-1
1,232,330.3,50
-1
0,237,337.58,52
-1
1,388,439.07,60
-1
1,240,339.12,51
-1
0,245,337.78,52
-1
2,249,339.06,52
-1
0,391,444.75,56
-1
1,251,338.5,52
-1
0,252,338.87,52
-1
1,258,337.56,52
-1
1,260,338.97,52
-1
2,392,445.89,56
-1
2,394,446.64,55
-1
3,260,339.93,53
-1
1,395,447.53,56
-1
2,267,345.84,53
-1
2,396,448.17,59
-1
3,268,350.05,53
-1
2,395,448.64,60
-1
3,269,353.37,52
-1
1,397,448.57,59
-1
2,272,358.01,51
-1
1,398,449.04,59
-1
2,274,359.06,51
-1
1,399,450.42,60
-1
2,278,360.35,52
-1
1,288,361.74,51
-1
2,400,450.33,59
-1
1,401,450.06,59
-1
2,292,362.86,50
-1
1,402,451.6,60
-1
3,295,362.46,50
-1
1,294,363.34,53
-1
3,403,451.92,59
-1
1,298,361.16,51
-1
2,404,453.31,59
-1
1,405,454.07,58
-1
2,306,362.89,46
-1
1,311,363.19,45
-1
2,407,454.7,58
-1
0,409,455.25,57
-1
2,314,363.49,45
-1
0,410,456.41,57
-1
2,316,369.12,46
-1
1,323,371.86,49
-1
2,410,456.42,57
-1
1,410,456.22,56
-1
2,326,373.58,49
-1
0,328,377.55,53
-1
1,411,456.03,57
-1
2,332,391.79,49
-1
3,411,456.23,56
-1
1,333,394.56,49
-1
3,411,456.38,55
-1
1,337,395.1,51
-1
2,411,455.63,55
-1
1,340,402.28,50
-1
2,410,455.37,54
-1
2,346,415.19,48
-1
3,411,456.52,53
-1
1,350,417.11,47
-1
3,410,455.71,54
-1
1,355,425.59,49
-1
3,411,455.22,53
-1
1,356,424.28,48
-1
2,412,455.09,53
-1
1,356,423.9,48
-1
2,411,453.94,55
-1
1,355,424.53,48
-1
2,412,454.24,55
-1
1,356,424.88,49
-1
3,411,453.27,56
-1
1,359,422.94,52
-1
3,412,453.74,56
-1
2,363,422.65,52
-1
3,412,453.5,57
-1
1,364,421.77,51
-1
2,413,453.19,57
-1
2,367,423.13,51
-1
3,413,453.02,57
-1
2,374,424.15,50
-1
3,412,451.84,57
-1
2,413,451.8,57
-1
4,377,426.8,50
-1
2,413,451.43,57
-1
3,380,427.43,50
-1
2,413,451.79,60
-1
3,380,428.5,50
-1
2,411,450.43,63
-1
3,381,433.35,54
-1
1,407,449.67,70
-1
2,383,436.21,56
-1
1,411,450.49,59
-1
2,382,441.66,78
-1
1,415,447.82,48
-1
2,383,440.88,80
-1
1,393,448.39,79
-1
2,408,445.12,48
-1
1,415,447.52,46
-1
2,387,448.29,60
-1
1,391,449.17,80
-1
0,392,449.11,81
-1
0,391,451.13,81
-1
2,391,451.48,81
-1
0,391,453.87,80
-1
0,394,456.1,80
-1
0,398,458.07,79
-1
3,401,459.86,79
-1
2,403,462.72,77
-1
1,401,466.31,74
-1
2,401,467.71,77
-1
3,401,471.26,77
-1
4,412,479.42,67
-1
3,415,478.31,65
-1
1,409,441.81,43
-1
2,405,457.77,77
-1
3,420,478.86,60
-1
1,401,443.97,53
-1
2,422,483.3,58
-1
2,425,484.69,56
-1
3,400,443.27,54
-1
2,402,443.4,54
-1
3,426,483.58,56
-1
2,430,484.86,56
-1
3,403,443.73,54
-1
3,429,484.73,56
-1
4,403,444.56,54
-1
3,431,486.53,58
-1
4,410,443.18,48
-1
2,410,442.57,47
-1
3,430,484.72,55
-1
3,432,484.28,58
-1
4,410,442.22,47
-1
3,432,484.93,58
-1
4,410,442.64,46
-1
2,436,486.16,57
-1
3,411,442.61,47
-1
2,411,441.84,47
-1
3,439,486.85,54
-1
2,442,486.82,53
-1
4,412,442.23,49
-1
2,412,442.19,48
-1
3,444,488.2,51
-1
1,444,487.51,51
-1
2,412,441.14,48
-1
1,412,441.21,48
-1
2,450,484.97,46
-1
1,454,492.24,44
-1
3,412,441.15,48
-1
1,412,440.76,48
-1
2,453,495.8,49
-1
2,413,441.63,48
-1
3,455,497.71,49
-1
2,455,498.44,49
-1
4,413,441.71,48
-1
1,413,441.36,48
-1
2,455,500.14,49
-1
3,455,501.31,49
-1
4,413,441.47,47
-1
2,413,441.7,47
-1
3,455,502.78,50
-1
4,400,419.01,47
-1
5,413,441.07,47
-1
7,456,502.97,51
-1
3,458,503.78,51
-1
4,413,440.64,47
-1
3,460,503.81,51
-1
4,414,441.04,47
-1
2,414,440.19,47
-1
3,463,505.15,50
-1
1,418,442.87,46
-1
5,466,506.62,52
-1
2,418,442.34,46
-1
3,470,506.96,50
-1
1,418,442.54,47
-1
4,472,508.33,50
-1
3,418,443.05,46
-1
6,473,508.75,50
-1
1,418,442.31,46
-1
2,401,419.55,46
-1
3,473,511.29,54
-1
1,418,442.56,45
-1
2,401,419.5,46
-1
3,473,511.18,55
-1
1,418,442.88,45
-1
2,400,418.74,46
-1
3,474,511.11,56
-1
2,418,443,44
-1
5,475,512.83,57
-1
2,418,443.62,45
-1
5,475,512.7,57
-1
2,418,443.65,45
-1
5,476,512.98,57
-1
1,418,443.48,46
-1
2,476,512.73,58
-1
2,418,443.1,46
-1
5,476,512.16,59
-1
1,418,443.81,46
-1
2,477,512.91,59
-1
2,418,443.69,46
-1
5,477,513.32,59
-1
2,477,513.09,59
-1
5,418,443.85,45
-1
2,478,512.7,59
-1
5,418,443.56,45
-1
2,478,511.9,57
-1
5,418,443.85,44
-1
1,412,440.81,46
-1
5,481,510.78,53
-1
2,412,441.89,47
-1
3,481,510.24,52
-1
1,412,441.75,46
-1
5,482,510.71,51
-1
2,412,441.3,46
-1
3,482,509.93,50
-1
1,412,441.02,46
-1
2,482,509.82,50
-1
1,412,441.97,46
-1
4,482,509.43,50
-1
2,411,441.37,45
-1
5,482,509.23,51
-1
1,412,441.53,46
-1
4,482,509.09,52
-1
2,412,441.69,45
-1
5,482,509,53
-1
4,412,441.38,45
-1
5,482,508.94,53
-1
4,412,441.07,45
-1
5,482,509.52,53
-1
4,412,441.11,45
-1
5,482,509.4,53
-1
5,412,440.45,45
-1
6,482,509.08,53
-1
4,412,440.62,45
-1
5,483,509.75,53
-1
1,412,440.19,45
-1
3,483,509,52
-1
4,412,440.23,45
-1
5,483,508.07,51
-1
3,412,439.75,45
-1
5,483,509.11,49
-1
1,412,439.55,45
-1
3,483,509.25,48
-1
1,412,439.49,45
-1
5,483,509.07,47
-1
1,412,439.65,44
-1
5,484,509.74,46
-1
1,412,439.14,44
-1
5,484,509.06,46
-1
1,412,439.37,44
-1
5,484,508.13,46
-1
4,412,438.8,44
-1
5,484,507.86,46
-1
2,412,438.87,44
-1
5,485,508.09,46
-1
3,412,439.01,45
-1
6,484,507.01,45
-1
2,412,439.37,44
-1
5,484,507.73,44
-1
1,412,439.26,44
-1
5,484,507.95,45
-1
2,412,439.3,44
-1
4,483,506.85,45
-1
2,483,507.31,45
-1
5,412,439.71,45
-1
1,483,507.21,45
-1
2,411,438.03,45
-1
1,411,437.59,45
-1
3,483,507.02,45
-1
2,411,438.01,46
-1
3,482,506.17,45
-1
1,481,504.75,44
-1
2,411,438.73,46
-1
3,481,504.95,44
-1
4,411,438.43,46
-1
0,411,438,46
-1
1,479,502.95,43
-1
3,478,502.03,42
-1
4,411,438.32,46
-1
1,478,502.02,40
-1
3,411,437.8,46
-1
2,411,437.89,46
-1
3,477,500.19,40
-1
2,476,498.9,40
-1
4,411,438.13,45
-1
1,475,498.46,40
-1
5,411,438.41,45
-1
1,475,498.56,41
-1
3,411,438.36,45
-1
2,475,497.88,41
-1
3,411,437.98,45
-1
1,475,496.45,42
-1
2,411,438.65,45
-1
1,471,494.88,42
-1
3,411,437.85,45
-1
1,470,494.7,41
-1
2,411,437.44,45
-1
1,469,493.58,39
-1
2,411,437.49,45
-1
1,412,438.31,44
-1
2,469,492.88,40
-1
0,469,492.87,40
-1
1,411,437.72,44
-1
3,469,492.28,39
-1
4,412,438.48,44
-1
3,469,491.47,39
-1
4,411,437.68,44
-1
3,469,490.68,40
-1
4,411,437.88,44
-1
2,411,438.46,44
-1
3,469,490.04,40
-1
2,468,488.32,40
-1
3,411,438.33,43
-1
4,411,438.72,44
-1
5,468,487.12,40
-1
2,410,437.88,44
-1
3,467,485.77,41
-1
0,410,437.92,44
-1
1,467,485.3,41
-1
3,467,484.52,40
-1
4,410,437.87,44
-1
2,411,438.87,44
-1
3,467,484.24,40
-1
2,411,438.99,44
-1
4,466,483.34,38
-1
2,410,438.11,43
-1
4,465,482.19,39
-1
0,465,481.8,39
-1
3,411,438.83,43
-1
4,410,437.43,42
-1
5,464,481.4,39
-1
4,411,438.22,43
-1
5,464,481.79,38
-1
4,410,437.75,43
-1
5,463,481.23,39
-1
1,401,419.53,47
-1
4,411,437.79,43
-1
5,463,480.9,39
-1
3,463,480.66,39
-1
4,411,438.04,42
-1
0,411,437.96,42
-1
3,463,480.52,39
-1
2,411,438.24,43
-1
3,463,480.85,39
-1
3,400,418.75,47
-1
4,411,437.88,43
-1
5,461,477.34,38
-1
3,460,476.87,37
-1
4,411,438.09,43
-1
2,411,437.41,43
-1
4,460,476.78,37
-1
0,460,476.03,37
-1
1,411,438,43
-1
0,460,475.45,37
-1
4,411,438.19,43
-1
2,411,437.91,44
-1
4,460,474.51,38
-1
2,460,474.38,39
-1
3,411,437.72,44
-1
2,458,473.18,39
-1
3,410,437.43,44
-1
0,410,437.52,44
-1
3,458,473.37,40
-1
2,457,473.27,40
-1
3,410,437.69,44
-1
0,410,437.98,44
-1
3,456,472.59,39
-1
1,409,438.62,44
-1
2,454,471.84,39
-1
1,409,439.46,44
-1
2,454,471.44,39
-1
1,454,471.18,39
-1
4,409,438.75,44
-1
1,453,469.41,39
-1
5,409,437.94,45
-1
2,408,437.56,45
-1
3,453,469.59,39
-1
1,453,469.42,39
-1
2,408,439.24,46
-1
1,452,468.68,39
-1
2,407,438.4,47
-1
1,452,468.04,39
-1
3,406,438.82,47
-1
1,452,468.33,39
-1
3,405,438.97,47
-1
1,452,468.62,38
-1
3,405,438.98,47
-1
2,450,466.54,37
-1
3,398,439.34,52
-1
2,450,466.56,36
-1
3,397,438.12,53
-1
2,450,467.01,36
-1
3,397,438.3,53
-1
1,450,466.48,37
-1
2,396,438.6,53
-1
1,446,463,35
-1
2,395,438.46,53
-1
2,446,463.16,36
-1
3,395,438.31,54
-1
1,394,431.65,59
-1
2,445,463.25,36
-1
1,394,431.66,59
-1
3,445,463.54,36
-1
1,394,431.29,58
-1
2,444,462.97,35
-1
1,444,462.91,35
-1
2,393,431.8,57
-1
1,443,462.99,35
-1
2,392,430.79,55
-1
1,443,462.61,35
-1
2,390,429.39,55
-1
1,443,462.15,35
-1
2,389,429.73,54
-1
0,389,428.27,54
-1
1,443,460.86,35
-1
0,443,461.56,36
-1
1,388,427.9,53
-1
0,387,427.83,51
-1
1,442,460.41,35
-1
0,442,459.73,35
-1
1,386,427.57,51
-1
2,386,427.35,53
-1
3,441,457.59,35
-1
1,441,456.5,35
-1
2,386,426.54,56
-1
1,440,454.92,35
-1
2,385,424.54,57
-1
2,385,424.72,59
-1
3,440,454.94,35
-1
2,384,424.32,61
-1
3,439,453.98,35
-1
2,383,423.64,61
-1
3,438,452.53,35
-1
2,383,423.58,60
-1
3,438,452.77,36
-1
1,437,452.41,36
-1
3,381,422.77,62
-1
1,380,422.09,60
-1
2,437,452.97,36
-1
2,378,420.79,59
-1
3,436,452.71,36
-1
0,377,420.06,58
-1
1,436,452.6,35
-1
3,377,419.17,59
-1
4,436,453.26,35
-1
0,377,419.35,58
-1
1,435,452.9,35
-1
1,435,453.73,35
-1
2,377,418.42,57
-1
1,374,414.94,56
-1
2,433,449.55,35
-1
3,433,449.47,34
-1
4,373,414.22,56
-1
1,433,448.64,33
-1
3,373,414.49,55
-1
1,432,447.7,33
-1
3,371,412.55,53
-1
0,370,412.15,54
-1
4,432,447.61,33
-1
0,431,446.83,33
-1
3,369,411.61,54
-1
0,369,411.18,53
-1
3,431,446.91,33
-1
0,431,446.27,33
-1
4,363,407.03,51
-1
1,361,407.66,49
-1
2,430,445.49,33
-1
1,356,409.81,54
-1
2,429,445.02,33
-1
0,355,409.63,53
-1
1,351,409.99,52
-1
0,348,408.01,51
-1
0,344,402.34,48
-1
0,342,398.79,47
-1
0,339,398.02,47
-1
2,339,396.58,48
-1
3,337,394.95,49
-1
0,337,393.75,47
-1
0,335,394.41,48
-1
2,335,393.53,49
-1
2,333,394.07,49
-1
1,333,391.83,47
-1
3,328,386.14,49
-1
2,328,385.4,47
-1
0,326,381.04,45
-1
2,324,376.23,47
-1
2,323,374.85,47
-1
2,321,372.92,49
-1
4,319,368.5,51
-1
2,317,365.47,52
-1
4,315,364.17,54
-1
0,311,363.21,53
-1
3,299,359.13,54
-1
4,297,359.74,54
-1
4,296,357.97,51
-1
4,296,352.75,50
-1
3,293,350.13,47
-1
2,290,350.38,46
-1
1,290,347.6,45
-1
2,288,346.79,45
-1
0,280,352.98,46
-1
2,276,349.61,47
-1
0,274,343.45,47
-1
0,270,330.58,48
-1
3,269,327.56,48
-1
3,267,323.54,49
-1
2,265,320.71,48
-1
0,263,317.92,49
-1
2,260,314.75,49
-1
2,252,305.58,49
-1
0,252,305.95,51
-1
2,242,301.69,54
-1
2,240,299.44,55
-1
2,239,297.86,55
-1
0,240,297.22,56
-1
1,240,296.75,56
-1
0,237,296.3,57
-1
0,236,296.25,58
-1
0,233,293.31,59
-1
0,233,290.63,62
-1
0,231,288.34,60
-1
0,231,287.59,60
-1
0,231,284.66,59
-1
0,230,280.79,56
-1
0,230,275.46,56
-1
2,230,273.98,56
-1
0,231,273.64,55
-1
1,231,273.3,56
-1
0,229,273.38,54
-1
2,228,273.59,54
-1
0,227,273.46,55
-1
0,223,270.78,54
-1
2,222,269.47,54
-1
0,221,269.32,55
-1
0,220,269.57,56
-1
0,218,269.19,57
-1
0,217,268,58
-1
1,216,268.43,57
-1
0,215,267.47,56
-1
1,214,266.58,55
-1
1,213,265.76,55
-1
1,213,264.56,55
-1
1,213,263.07,54
-1
1,212,261.1,52
-1
1,212,259.52,51
-1
0,211,257.69,51
-1
2,211,256.37,53
-1
1,211,255.84,53
-1
1,211,255.22,53
-1
2,210,254.11,53
-1
2,210,253.64,53
-1
2,210,254.17,54
-1
0,210,253.63,55
-1
1,210,254.06,56
-1
0,211,254.56,56
-1
0,210,253.26,56
-1
2,211,253.49,57
-1
2,211,252.9,57
-1
2,211,251.46,58
-1
0,211,250.85,57
-1
0,211,249.38,55
-1
0,213,245.76,52
-1
0,213,245.69,51
-1
0,213,245,49
-1
0,213,245.04,47
-1
0,213,244.42,46
-1
0,213,244.03,46
-1
0,213,244.27,45
-1
0,213,243.9,46
-1
0,213,243.16,45
-1
0,213,242.97,45
-1
0,214,243.23,46
-1
0,214,242.91,46
-1
0,213,241.94,47
-1
0,213,240.73,47
-1
0,214,241.21,47
-1
0,213,240.42,48
-1
0,213,240.22,48
-1
0,211,239.04,49
-1
0,211,239.41,50
-1
0,210,238.36,51
-1
0,210,238.56,50
-1
0,210,237.55,49
-1
0,209,237.12,49
-1
0,209,237.05,47
-1
0,209,236.19,45
-1
0,208,236.06,45
-1
0,209,236.02,44
-1
0,210,235.48,45
-1
0,210,234.59,44
-1
0,211,234.63,43
-1
0,211,233.79,42
-1
1,211,233.76,42
-1
1,212,234.12,43
-1
0,212,233.2,44
-1
0,213,233.87,44
-1
0,213,233.65,44
-1
0,213,233.43,44
-1
1,213,233.86,43
-1
1,214,234.42,43
-1
1,213,233.39,42
-1
1,214,233.65,42
-1
1,214,233.29,43
-1
1,215,233.52,42
-1
1,215,233.55,41
-1
1,215,234.05,40
-1
2,215,234.12,39
-1
1,215,234.05,40
-1
1,216,234.8,40
-1
1,216,234.73,40
-1
2,216,234.44,39
-1
2,216,234.41,40
-1
0,217,235.32,40
-1
0,217,235.48,40
-1
1,217,235.35,41
-1
2,217,235.25,41
-1
0,217,235.22,41
-1
0,217,235.79,41
-1
0,217,236.19,41
-1
2,217,236.12,41
-1
0,217,236.36,41
-1
2,218,237.23,41
-1
1,218,237.04,41
-1
1,218,236.81,42
-1
1,218,237.1,41
-1
2,218,237.02,42
-1
1,219,237.46,42
-1
0,219,237.03,42
-1
1,219,236.95,41
-1
0,219,236.72,41
-1
0,220,236.57,37
-1
0,220,236.86,37
-1
0,220,237.06,37
-1
0,220,236.84,36
-1
0,220,236.39,36
-1
2,221,237.05,36
-1
1,221,236.62,36
-1
2,222,237.17,36
-1
2,222,237.06,35
-1
2,222,237.19,36
-1
2,222,237.13,35
-1
1,222,237.23,36
-1
0,222,236.9,36
-1
0,223,237.83,36
-1
1,223,237.3,35
-1
2,224,238.35,35
-1
2,224,239.45,34
-1
2,224,239.7,34
-1
2,225,239.93,33
-1
2,225,240.13,33
-1
2,225,241.22,34
-1
2,226,241.63,34
-1
1,228,243.53,34
-1
2,228,243.47,34
-1
2,229,244.61,34
-1
3,229,244.6,34
-1
2,229,244.97,34
-1
3,230,244.99,34
-1
1,230,244.83,33
-1
2,230,244.98,33
-1
2,231,245.4,33
-1
2,231,245.17,34
-1
2,232,245.83,33
-1
1,232,245.48,34
-1
1,232,245.87,33
-1
0,232,246.22,34
-1
0,233,246.65,34
-1
2,234,246.93,34
-1
0,235,247.55,34
-1
1,235,247.76,34
-1
0,235,247.49,34
-1
2,236,249.02,34
-1
3,236,248.96,34
-1
0,237,248.08,30
-1
0,237,247.95,30
-1
0,238,248.83,30
-1
0,238,248.65,30
-1
0,238,248.5,30
-1
1,238,250.15,32
-1
0,238,250.05,30
-1
0,239,251.26,30
-1
0,240,250.79,28
-1
0,240,250.83,28
-1
0,240,250.91,28
-1
0,241,252.05,28
-1
0,241,251.84,28
-1
0,262,272.37,28
-1
0,262,272.74,27
-1
0,263,273.72,28
-1
0,263,273.88,28
-1
0,263,273.89,28
-1
0,263,273.99,29
-1
0,263,274.19,29
-1
0,264,274.84,28
-1
0,264,274.93,29
-1
2,264,275.18,29
-1
2,264,275.03,28
-1
0,265,275.79,28
-1
1,265,275.93,27
-1
0,265,275.82,27
-1
0,265,275.89,26
-1
0,265,276.18,27
-1
0,266,276.96,27
-1
0,266,277.03,27
-1
0,266,277.06,27
-1
0,266,277.09,28
-1
0,267,278.14,28
-1
0,267,280.66,35
-1
0,267,280.49,37
-1
0,268,281.57,37
-1
0,268,281.57,36
-1
3,334,346.79,18
-1
0,334,346.83,19
-1
3,268,281.45,36
-1
2,334,346.96,20
-1
0,335,347.66,21
-1
2,272,288.08,34
-1
0,274,290.48,35
-1
0,274,291.85,35
-1
0,275,292.31,35
-1
0,275,292.33,36
-1
0,276,294.08,35
-1
0,276,293.64,34
-1
0,319,330.37,19
-1
2,319,330.72,19
-1
2,319,330.77,20
-1
2,319,331.23,20
-1
2,318,329.3,20
-1
1,317,335.07,37
-1
1,317,334.69,36
-1
1,319,335.79,38
-1
0,319,335.64,37
-1
0,319,336.41,37
-1
0,320,336.6,37
-1
0,321,337.05,37
-1
0,325,341.63,40
-1
1,326,342.8,40
-1
0,327,345.99,40
-1
0,327,345.99,41
-1
0,328,347.23,38
-1
0,328,348.29,38
-1
0,329,349.66,39
-1
0,370,392.64,40
-1
1,372,393.39,42
-1
1,373,392.98,40
-1
1,374,393.7,39
-1
1,375,395.77,38
-1
1,377,402.84,40
-1
1,379,403.19,40
-1
1,380,402.94,39
-1
1,381,403.99,41
-1
1,382,402.98,39
-1
1,383,404.1,40
-1
1,384,404.55,40
-1
1,385,404.27,40
-1
1,385,404.34,40
-1
1,386,405.9,40
-1
0,386,406.6,40
-1
3,387,407.17,40
-1
2,387,407.89,39
-1
3,388,408.99,38
-1
3,410,425.79,33
-1
4,416,429.03,28
-1
4,424,437.35,28
-1
4,425,438.59,29
-1
4,423,440.51,30
-1
4,424,441.47,30
-1
2,424,441.41,31
-1
4,425,442.71,32
-1
4,426,444.04,32
-1
4,426,444.12,33
-1
4,427,445.12,33
-1
4,428,445.89,33
-1
4,428,446.54,33
-1
4,429,447.48,34
-1
0,430,448.82,34
-1
0,431,449.94,34
-1
0,431,449.43,34
-1
0,432,449.9,35
-1
3,432,450.13,35
-1
3,432,450.29,35
-1
2,434,453.58,37
-1
4,434,454.26,37
-1
0,434,453.87,37
-1
2,434,455.02,39
-1
0,434,453.51,41
-1
2,434,453.91,40
-1
2,434,454,40
-1
0,435,454.83,40
-1
2,435,455.59,39
-1
2,435,455.78,39
-1
2,435,455.47,40
-1
0,435,455.43,40
-1
2,435,455.43,40
-1
3,435,455.52,40
-1
2,435,455.92,40
-1
0,435,456.1,40
-1
2,436,457.25,40
-1
0,436,457.25,40
-1
0,437,458.38,40
-1
2,437,458.23,37
-1
2,438,459.22,37
-1
3,438,458.82,37
-1
2,438,458.63,38
-1
2,439,459.63,39
-1
2,439,460.03,39
-1
3,439,460.42,40
-1
3,439,460.47,40
-1
3,439,460.24,40
-1
3,439,460.13,40
-1
0,440,461.44,40
-1
0,440,462,42
-1
3,440,461.99,42
-1
0,441,463.18,42
-1
0,441,463.48,42
-1
3,441,464.03,43
-1
0,441,464.47,44
-1
0,441,464.64,44
-1
3,441,465.39,44
-1
3,441,465.48,44
-1
2,441,465.41,43
-1
0,441,465.58,43
-1
0,441,465.68,44
-1
3,441,465.83,44
-1
3,441,466.2,44
-1
3,441,466.3,44
-1
2,442,465.33,45
-1
1,442,465.72,46
-1
4,442,466.22,47
-1
4,442,466.14,48
-1
0,442,465.9,48
-1
3,442,465.97,48
-1
3,442,465.79,49
-1
4,442,465.98,49
-1
4,442,466.22,49
-1
3,442,466.35,50
-1
0,442,465.88,49
-1
0,441,464.92,50
-1
0,441,464.82,49
-1
5,441,464.62,49
-1
5,441,464.76,49
-1
0,441,464.74,49
-1
2,440,464.65,49
-1
2,440,465.17,48
-1
3,439,464.37,48
-1
4,439,463.99,47
-1
3,439,464.24,47
-1
4,438,463.07,47
-1
3,438,463.33,48
-1
2,438,463.65,48
-1
4,438,463.84,50
-1
4,438,462.26,49
-1
2,438,462.12,51
-1
3,437,461.36,51
-1
3,437,461.36,51
-1
3,436,460.95,50
-1
2,436,460.52,49
-1
0,436,460.8,49
-1
0,435,460.63,48
-1
3,434,460.86,48
-1
4,434,461.3,48
-1
0,433,460.28,48
-1
4,433,460.12,48
-1
0,433,460.43,48
-1
4,433,460.34,48
-1
4,432,459.95,48
-1
2,431,458.41,47
-1
1,431,458.31,47
-1
4,431,457.77,48
-1
3,427,455.13,49
-1
3,427,455.21,48
-1
3,427,455.05,48
-1
3,426,454.19,47
-1
3,426,453.73,47
-1
3,426,453.07,47
-1
3,424,451.99,45
-1
3,421,451.65,44
-1
2,420,450.54,45
-1
0,419,450.85,46
-1
0,419,450.37,45
-1
2,419,449.6,45
-1
0,419,448.81,45
-1
1,418,448.91,45
-1
1,417,448.75,44
-1
1,417,447.68,44
-1
4,406,449.43,52
-1
4,410,442.68,45
-1
1,401,420.03,47
-1
2,410,441.94,45
-1
4,411,441.8,45
-1
2,411,440.77,44
-1
1,410,440.13,44
-1
1,410,439.59,43
-1
1,410,439.27,42
-1
1,409,438.85,43
-1
1,408,437.63,42
-1
0,408,437.64,41
-1
0,408,437.28,41
-1
2,408,437.26,42
-1
1,407,436.02,41
-1
1,407,435.84,45
-1
0,407,436.29,40
-1
0,407,435.94,44
-1
0,407,435.84,44
-1
1,407,436.12,44
-1
1,407,435.4,44
-1
1,406,435.08,44
-1
3,406,435.11,44
-1
0,406,435.17,45
-1
3,406,435.33,44
-1
3,406,435.33,44
-1
1,406,435.3,45
-1
3,406,435.34,44
-1
2,406,435.27,44
-1
0,406,435.25,44
-1
1,406,435.69,44
-1
1,405,434.75,44
-1
3,405,434.98,44
-1
1,405,434.98,44
-1
1,405,434.8,44
-1
2,405,434.78,44
-1
1,405,434.85,44
-1
1,275,287.45,20
-1
3,405,434.88,44
-1
1,274,286.28,21
-1
3,405,434.64,44
-1
1,274,286.48,21
-1
2,405,434.88,44
-1
0,406,435.69,44
-1
1,405,434.57,44
-1
2,406,435.41,44
-1
2,405,434.45,44
-1
1,405,434.49,44
-1
3,405,434.67,44
-1
0,405,434.58,44
-1
0,405,434.65,44
-1
0,405,434.4,44
-1
0,405,434.28,43
-1
2,405,434.26,43
-1
0,405,434.45,44
-1