
 6,3
 6,3
 8,2
 8,2
 8,2
 6,3 8,2
 6,3 8,2
 6,3 8,2
 6,3 8,2
 6,3 8,2
 6,3 8,2
 6,3 8,2
 6,3 8,2
 6,3 8,2
 6,3 8,2
 6,3 8,2
 6,3 8,2
 6,3 8,2
 7,3 8,2
 7,3 8,2
 7,3 8,2
 7,3 8,2
 7,3 8,2
 7,3 8,2
 6,6 7,7
 6,6
 6,6 7,7
 6,6 7,7
 6,6 7,7
 7,3 8,2
 7,3 8,2
 6,6
 7,6 7,7
 6,6
 7,6
 6,6
 6,6
 6,6
 6,6
 2,15 6,6
 2,15 6,6
 6,6
 6,6
 6,6
 7,3 8,2
 6,6
 2,14
 2,15
 2,15
 6,6
 2,15
 2,15
 2,14
 2,15
 2,15
 2,15
 2,15
 7,3 8,2
 2,15 3,16 6,6
 6,6
 2,15
 6,6
 6,6
 6,6
 2,15 3,15
 6,6
 6,6
 7,3
 3,14 3,15 3,16 6,6
 7,3 8,2
 3,14 3,15 3,16 6,6
 7,3
 6,6
 6,6
 7,3 8,2
 3,15
 6,6
 2,15 3,15
 6,6
 7,3
 3,14 3,15 4,16 6,6
 7,3
 6,6
 7,3
 3,14 3,15 4,16 6,6
 7,3
 3,13 3,14 3,15 4,16 6,6
 3,14 4,15 4,16 6,6
 1,16
 3,15
 7,3
 3,15
 7,3
 3,15 4,15
 6,6
 3,15 4,15
 2,15 6,6
 3,15 4,15
 3,15
 4,14
 3,15
 4,14
 6,6
 3,15 4,15
 4,14
 7,3
 4,14
 7,3
 6,6
 7,3
 3,15 4,14 5,15 5,16
 7,6
 7,6
 7,3
 4,14
 3,14
 7,6
 5,15 7,3
 3,14
 7,3
 4,14
 7,3
 3,14
 7,6
 4,15 5,15
 7,6
 1,16
 7,6
 4,15 5,15
 7,6
 2,15
 7,6
 7,3
 7,6
 2,15 2,16 7,6
 2,15 2,16
 7,6
 7,6
 7,6
 7,6
 7,6
 1,0 2,16
 7,6
 7,3
 2,14
 2,16
 7,3 7,6
 2,16
 2,15
 4,2 4,3
 3,15
 7,6
 7,3
 7,6
 7,3
 7,6
 6,14
 7,6
 6,13 6,14 7,15 8,16
 3,15
 3,14
 6,14
 6,14
 3,14
 7,3
 3,15 7,3
 3,14 3,15 4,16
 7,3
 3,14 4,15 4,16
 7,3
 3,14
 3,14
 6,13 8,15 8,16
 3,14
 4,14
 4,14
 4,15
 7,6
 4,15
 7,6
 7,6
 4,15 7,6
 4,13 4,14 4,15
 4,13 4,14
 4,14
 3,11 4,12 4,13
 4,12 4,13 4,14 5,15
 1,15
 4,14
 4,12 4,13 4,14 5,15
 4,12 4,13 4,14 5,15
 4,12 4,13 5,14
 7,3
 2,16 6,14 8,14 9,15
 5,15 7,3
 8,13 10,15 11,16
 2,14
 2,14
 7,3
 6,15
 7,14
 4,12 5,13 5,14
 4,12 5,13 5,14
 4,12 5,13 6,14
 4,12 5,13
 8,13 12,16
 5,12 5,13 6,14
 5,12 6,13
 7,3
 7,3
 7,3
 7,3
 4,14 5,12 6,13
 7,3
 5,12 6,13
 5,12 6,13
 5,12 6,13
 7,3
 5,14
 7,3
 7,3
 5,11 6,12 9,13 9,15 11,14 12,15
 7,3
 4,14 6,6 10,13 11,14
 11,14
 3,13
 11,14
 4,10 5,11 6,12
 4,10 5,11 6,12
 4,10 5,11 6,12
 4,13
 5,11 6,12
 4,13 4,14
 4,13
 4,14 5,15 5,16
 4,13
 7,3
 7,3
 4,13 6,16
 4,13 6,16
 4,13 6,16
 4,13 5,14 6,16
 6,16
 5,13 6,16
 7,3
 5,4
 5,4
 7,3 9,1
 11,12
 5,9
 5,4
 5,9
 5,4
 5,4
 5,4
 7,3 9,1
 7,3
 7,6
 8,13
 7,6
 8,10
 7,3 9,1
 6,13
 7,6
 7,3 9,1
 4,14
 7,3 9,1
 6,9
 7,3 8,2 9,1
 6,13
 6,13 7,6 8,15 10,10
 7,6
 4,14 5,14
 4,14 5,14
 8,15 11,10
 7,3 8,2 9,1
 11,10
 11,10
 11,0 11,10
 5,8
 11,0 12,10
 6,12 8,14
 7,6
 7,6
 5,4 7,6
 5,4 7,6
 7,6
 7,6
 6,5 7,3
 6,5
 7,6 9,15 10,9
 6,8
 5,4
 7,12 9,14
 9,1
 4,14
 7,12 9,14
 7,3
 4,9 4,14
 9,11
 6,13
 1,7
 6,13 7,12 9,14
 4,9 6,13 7,12 10,14
 6,6
 6,6
 4,14
 7,3
 4,14
 7,3
 7,3
 8,10 8,13
 8,10
 8,10
 8,10
 7,3
 7,3
 8,10
 8,10
 8,10
 8,10
 8,10
 5,14
 3,9 5,14
 5,14
 2,9 5,14
 8,11
 8,12 9,13
 2,9 5,4
 4,6
 6,7
 2,9
 6,5
 6,5
 5,4 9,10
 8,12 9,13 11,14
 5,4 6,5
 8,12 10,13 11,14
 6,6
 1,9 6,5
 7,3
 8,8
 7,3
 6,7
 7,3
 6,7
 7,3
 5,4 6,5
 11,0
 7,3
 10,13
 7,3
 12,6
 7,3
 7,3
 7,3 8,2
 9,9 9,10
 9,9
 11,0
 8,8
 9,9 11,0
 9,12 10,13 12,14
 9,9 11,0
 9,12 10,13 12,14
 9,9
 9,9
 9,9
 3,8
 9,9 11,13 12,14
 8,8 9,9
 3,8
 11,13 12,14
 11,13 12,14
 11,13 12,14
 11,13 12,14
 7,3
 3,6
 3,6 9,9
 7,3
 3,6
 7,3
 8,8
 11,4
 11,13
 11,13
 3,6
 7,3
 7,3
 10,12 11,13
 7,3
 7,3
 7,3
 7,3
 9,8
 1,9
 1,9 10,12 11,13
 7,3
 8,6
 7,3
 5,4 7,3
 7,6 8,6 8,8
 7,4 8,6 8,8
 6,8 8,6 8,7 9,11 11,12
 6,8
 8,6
 6,8
 9,8
 9,8
 8,6 11,12
 7,3
 7,5
 7,5
 8,5
 8,5
 9,8
 8,5 9,7
 12,3
 8,5
 8,5
 8,5
 8,5
 8,5
 8,5
 8,5 8,6 9,7
 11,3
 8,5 8,6
 11,3
 7,6
 7,4 8,5 8,6
 7,3 7,4 8,5 8,6 12,2
 7,4
 7,3 9,1
 7,4
 7,4
 7,4
 7,4
 7,4
 7,3 8,4
 8,4
 7,3 8,4
 8,4
 8,4 8,6
 7,3 10,9
 12,11
 7,3
 7,3
 7,3
 7,3 8,4 12,11
 7,3 8,4
 7,3
 10,9 10,10
 7,3 10,10 12,0
 12,0
 7,3
 7,3 10,10 12,0
 7,3
 7,3
 10,10
 10,10
 10,10 11,0
 7,4
 10,10
 7,3 7,4 10,10 11,0
 7,3 7,4
 7,4
 7,3 9,9 10,10
 6,3 7,2
 10,0
 7,4
 9,10
 7,4
 7,4
 7,4
 11,9
 7,3
 5,4
 6,9 8,10
 5,4
 7,2
 8,10
 7,3
 8,10
 7,3
 3,2 9,11
 9,11
 9,11
 9,11
 9,11
 9,11
 9,11
 9,11
 9,11
 9,11
 7,4
 9,11
 8,10 9,11
 9,11
 8,10
 6,5 7,3
 6,2
 6,10 7,4 8,11
 6,10 8,11
 6,10 7,4 8,11
 6,10 7,4 8,11
 6,10 8,11
 7,3
 7,3
 7,3
 7,3
 9,10
 6,10 8,11
 6,11 8,12
 8,9
 7,3
 7,3
 9,10
 6,2 7,1 8,0
 6,2 7,1
 7,3
 5,3 6,2
 6,2
 6,2 7,0 7,1
 9,10
 7,3
 7,3
 5,3 6,1 6,2
 7,3
 7,3
 6,1 6,2
 7,3
 7,3
 7,3
 5,3 6,2
 5,3 6,2
 5,3 6,1 6,2
 5,3 6,1 6,2
 7,3
 7,3
 7,12 9,14
 6,11 7,12 9,14
 6,11 7,12 9,14
 6,11 9,14
 6,11 9,14
 6,11 9,14
 4,4 5,3 6,2
 4,4 7,3
 6,11 9,14
 8,7
 5,3
 8,7
 4,5
 6,13
 7,3
 5,3
 4,4
 4,5
 4,4
 4,4
 7,12 8,13 9,14
 1,14 6,7 7,8
 8,13 9,14
 1,14 4,5 5,6 6,7 7,8 8,13 9,14
 8,13 9,14
 1,14 4,5 5,6 6,7 7,8
 6,7 7,8
 8,13 9,14
 5,4
 8,13
 8,13
 5,4
 8,6
 6,6
 5,13
 6,6
 7,5
 6,5 6,6
 7,5
 7,5
 7,5
 7,3
 7,7
 8,5
 5,4 6,5
 7,3 8,5
 8,5
 4,7
 4,7
 4,7
 4,7
 8,5
 5,8
 5,8
 7,7
 7,3 8,5 8,6
 6,6
 6,6
 5,8
 5,8
 7,3
 5,8
 7,3
 4,7
 6,5 6,6
 7,3
 8,5
 7,3
 6,5 6,6
 6,5 6,6
 6,6
 6,5 6,6
 6,3 7,4
 5,7
 5,7
 4,5
 7,4
 7,4
 7,4
 6,10
 3,5 4,6
 4,6
 6,3
 7,4
 5,1 7,4
 6,3 11,0
 6,3
 6,3 11,0
 4,6
 2,4
 4,6
 4,6
 7,10
 6,6
 6,2 8,5
 4,5
 5,4
 6,5
 3,1 4,5
 3,1 4,5
 6,6
 2,3 3,4 4,5
 5,4 6,5
 2,3 3,4 4,5
 7,3 8,5
 2,3 3,1 4,5
 7,6
 5,4
