 0,293.00,401.23,  91
-1
person 1,379.00,438.36,  53
person 2,221.00,309.44,  52
 0,294.00,401.84,  92
-1
person 1,222.00,311.90,  52
person 2,382.00,438.64,  55
person 0,222.00,311.81,  51
-1
 1,293.00,400.38,  91
person 2,381.00,438.72,  55
person 0,223.00,313.36,  50
-1
 1,294.00,401.38,  92
person 2,383.00,439.02,  57
 0,294.00,399.59,  92
-1
person 1,384.00,439.14,  58
person 2,226.00,315.42,  49
 0,293.00,399.42,  91
-1
person 1,385.00,439.24,  58
person 2,228.00,315.35,  49
 0,293.00,399.90,  91
-1
person 1,386.00,439.95,  57
 2,156.00,208.82,  54
person 3,230.00,314.01,  50
person 0,387.00,439.16,  59
-1
person 1,232.00,330.30,  50
person 0,237.00,337.58,  52
-1
person 1,388.00,439.07,  60
 0,157.00,207.95,  55
-1
person 1,240.00,339.12,  51
person 0,245.00,337.78,  52
-1
 1,294.00,398.82,  93
 0,296.00,399.54,  94
-1
 1,390.00,443.85,  58
person 2,249.00,339.06,  52
person 0,391.00,444.75,  56
-1
person 1,251.00,338.50,  52
 2,295.00,399.60,  94
person 0,252.00,338.87,  52
-1
 1,294.00,399.26,  94
 2,392.00,444.40,  57
 0,295.00,399.65,  94
-1
person 1,258.00,337.56,  52
 0,295.00,400.63,  94
-1
person 1,260.00,338.97,  52
person 2,392.00,445.89,  56
 0,296.00,400.79,  94
-1
 1,156.00,207.60,  55
person 2,394.00,446.64,  55
person 3,260.00,339.93,  53
 0,294.00,400.04,  93
-1
person 1,395.00,447.53,  56
person 2,267.00,345.84,  53
 0,294.00,400.13,  94
-1
 1,155.00,206.73,  54
person 2,396.00,448.17,  59
person 3,268.00,350.05,  53
 0,293.00,399.97,  93
-1
 1,156.00,206.99,  54
person 2,395.00,448.64,  60
person 3,269.00,353.37,  52
 0,295.00,400.56,  94
-1
person 1,397.00,448.57,  59
person 2,272.00,358.01,  51
 0,295.00,402.06,  94
-1
person 1,398.00,449.04,  59
person 2,274.00,359.06,  51
 0,295.00,401.80,  94
-1
person 1,399.00,450.42,  60
person 2,278.00,360.35,  52
 0,294.00,401.00,  94
-1
person 1,288.00,361.74,  51
person 2,400.00,450.33,  59
 0,295.00,400.71,  94
-1
person 1,401.00,450.06,  59
person 2,292.00,362.86,  50
 0,238.00,344.97,  62
-1
person 1,402.00,451.60,  60
 2,294.00,400.45,  94
person 3,295.00,362.46,  50
 0,238.00,344.52,  62
-1
person 1,294.00,363.34,  53
 2,294.00,400.70,  94
person 3,403.00,451.92,  59
 0,294.00,400.34,  93
-1
person 1,298.00,361.16,  51
person 2,404.00,453.31,  59
 0,293.00,400.24,  93
-1
person 1,405.00,454.07,  58
person 2,306.00,362.89,  46
 0,294.00,400.57,  93
-1
person 1,311.00,363.19,  45
person 2,407.00,454.70,  58
person 0,409.00,455.25,  57
-1
 1,293.00,400.34,  92
person 2,314.00,363.49,  45
person 0,410.00,456.41,  57
-1
 1,293.00,400.78,  92
person 2,316.00,369.12,  46
 0,294.00,401.72,  93
-1
person 1,323.00,371.86,  49
person 2,410.00,456.42,  57
 0,294.00,401.01,  93
-1
person 1,410.00,456.22,  56
person 2,326.00,373.58,  49
person 0,328.00,377.55,  53
-1
person 1,411.00,456.03,  57
 2,294.00,400.91,  93
 3,241.00,402.13,  53
 0,242.00,402.55,  54
-1
 1,294.00,400.12,  93
person 2,332.00,391.79,  49
person 3,411.00,456.23,  56
 0,244.00,401.91,  54
-1
person 1,333.00,394.56,  49
 2,157.00,207.23,  54
person 3,411.00,456.38,  55
 4,292.00,400.18,  93
 0,243.00,399.96,  59
-1
person 1,337.00,395.10,  51
person 2,411.00,455.63,  55
 3,157.00,206.70,  54
 4,293.00,401.33,  93
 0,243.00,400.59,  59
-1
person 1,340.00,402.28,  50
person 2,410.00,455.37,  54
 3,157.00,206.28,  54
 4,292.00,401.42,  93
 0,232.00,349.71,  63
-1
 1,244.00,397.52,  59
person 2,346.00,415.19,  48
person 3,411.00,456.52,  53
 4,293.00,401.57,  93
 5,157.00,206.67,  54
 0,231.00,349.55,  62
-1
person 1,350.00,417.11,  47
 2,293.00,401.14,  93
person 3,410.00,455.71,  54
 4,157.00,206.29,  54
 0,231.00,347.38,  63
-1
person 1,355.00,425.59,  49
 2,292.00,400.87,  93
person 3,411.00,455.22,  53
 0,230.00,347.65,  62
-1
person 1,356.00,424.28,  48
person 2,412.00,455.09,  53
 3,158.00,207.41,  55
 0,230.00,347.27,  63
-1
person 1,356.00,423.90,  48
person 2,411.00,453.94,  55
 3,293.00,401.16,  94
 0,231.00,348.18,  64
-1
person 1,355.00,424.53,  48
person 2,412.00,454.24,  55
 3,294.00,400.61,  93
 0,231.00,346.73,  64
-1
person 1,356.00,424.88,  49
 2,294.00,401.75,  94
person 3,411.00,453.27,  56
 4,157.00,206.58,  54
 0,231.00,345.71,  65
-1
person 1,359.00,422.94,  52
 2,293.00,401.49,  93
person 3,412.00,453.74,  56
 0,231.00,345.11,  65
-1
 1,157.00,207.35,  54
person 2,363.00,422.65,  52
person 3,412.00,453.50,  57
 4,294.00,399.69,  94
 0,231.00,345.79,  64
-1
person 1,364.00,421.77,  51
person 2,413.00,453.19,  57
 3,293.00,399.59,  94
 4,157.00,207.63,  54
 0,231.00,346.48,  65
-1
 1,157.00,207.57,  54
person 2,367.00,423.13,  51
person 3,413.00,453.02,  57
 4,293.00,399.40,  94
 0,232.00,346.18,  66
-1
 1,247.00,390.83,  62
person 2,374.00,424.15,  50
person 3,412.00,451.84,  57
 4,292.00,399.50,  93
 5,157.00,207.31,  54
 0,232.00,347.58,  66
-1
 1,246.00,392.54,  62
person 2,413.00,451.80,  57
 3,292.00,399.90,  93
person 4,377.00,426.80,  50
 5,157.00,207.78,  54
 0,232.00,346.35,  66
-1
 1,246.00,389.69,  63
person 2,413.00,451.43,  57
person 3,380.00,427.43,  50
 4,292.00,398.90,  93
 5,156.00,207.01,  54
 0,231.00,346.02,  66
-1
 1,247.00,391.81,  61
person 2,413.00,451.79,  60
person 3,380.00,428.50,  50
 4,292.00,398.80,  93
 5,157.00,207.72,  54
 0,231.00,345.28,  66
-1
 1,244.00,392.43,  62
person 2,411.00,450.43,  63
person 3,381.00,433.35,  54
 4,293.00,398.98,  93
 5,157.00,207.61,  54
 0,237.00,346.79,  73
-1
person 1,407.00,449.67,  70
person 2,383.00,436.21,  56
 3,292.00,398.66,  93
 4,156.00,207.64,  55
 0,231.00,345.66,  67
-1
person 1,411.00,450.49,  59
person 2,382.00,441.66,  78
 3,292.00,399.20,  93
 4,157.00,207.54,  53
 0,231.00,346.15,  66
-1
person 1,415.00,447.82,  48
person 2,383.00,440.88,  80
 3,292.00,399.00,  94
 4,157.00,207.90,  54
 0,231.00,346.75,  66
-1
person 1,393.00,448.39,  79
person 2,408.00,445.12,  48
 3,293.00,399.23,  93
 4,157.00,208.29,  54
 0,231.00,347.78,  66
-1
person 1,415.00,447.52,  46
person 2,387.00,448.29,  60
 3,156.00,208.22,  53
 0,231.00,347.91,  66
-1
person 1,391.00,449.17,  80
 2,156.00,208.26,  54
 3,293.00,399.28,  93
person 0,392.00,449.11,  81
-1
 1,293.00,398.97,  92
 2,156.00,208.57,  54
 3,231.00,346.17,  66
person 0,391.00,451.13,  81
-1
 1,293.00,398.92,  93
 2,156.00,207.89,  54
 3,232.00,347.61,  66
 0,157.00,208.91,  54
-1
 1,231.00,347.53,  66
person 2,391.00,451.48,  81
person 0,391.00,453.87,  80
-1
 1,292.00,399.29,  93
 2,157.00,208.38,  54
 3,230.00,347.31,  65
person 0,394.00,456.10,  80
-1
 1,293.00,399.49,  93
 2,157.00,208.63,  54
 3,231.00,347.15,  66
person 0,398.00,458.07,  79
-1
 1,294.00,399.57,  93
 2,157.00,208.48,  54
 3,231.00,347.33,  66
 4,245.00,398.45,  62
 0,293.00,399.54,  93
-1
 1,157.00,208.52,  54
 2,230.00,347.80,  65
person 3,401.00,459.86,  79
 0,230.00,346.57,  66
-1
 1,157.00,208.32,  54
person 2,403.00,462.72,  77
 3,294.00,400.12,  94
 0,231.00,346.90,  66
-1
person 1,401.00,466.31,  74
 2,157.00,208.41,  55
 3,294.00,401.04,  93
 0,232.00,346.81,  65
-1
 1,294.00,400.54,  92
person 2,401.00,467.71,  77
 3,157.00,208.71,  54
 0,232.00,347.73,  65
-1
 1,393.00,480.93,  70
 2,293.00,400.39,  92
person 3,401.00,471.26,  77
 4,157.00,207.93,  54
 0,394.00,482.34,  71
-1
 1,294.00,400.82,  92
 2,157.00,208.57,  54
 3,231.00,346.15,  65
person 4,412.00,479.42,  67
 0,231.00,346.47,  66
-1
 1,156.00,207.91,  55
 2,295.00,400.76,  93
person 3,415.00,478.31,  65
 0,232.00,347.32,  66
-1
person 1,409.00,441.81,  43
person 2,405.00,457.77,  77
person 3,420.00,478.86,  60
 4,295.00,401.68,  93
 5,157.00,208.43,  55
 0,231.00,346.64,  65
-1
person 1,401.00,443.97,  53
person 2,422.00,483.30,  58
 3,294.00,401.00,  93
 4,157.00,208.75,  55
 0,232.00,346.81,  66
-1
 1,295.00,401.93,  93
person 2,425.00,484.69,  56
person 3,400.00,443.27,  54
 4,157.00,208.28,  55
 0,232.00,345.88,  66
-1
 1,244.00,400.44,  62
person 2,402.00,443.40,  54
person 3,426.00,483.58,  56
 4,295.00,401.11,  93
 5,157.00,208.06,  54
 0,232.00,345.01,  66
-1
 1,295.00,401.44,  93
person 2,430.00,484.86,  56
person 3,403.00,443.73,  54
 4,157.00,208.13,  54
 0,232.00,345.60,  66
-1
 1,244.00,400.77,  62
 2,294.00,400.31,  93
person 3,429.00,484.73,  56
person 4,403.00,444.56,  54
 5,157.00,207.95,  54
 0,231.00,345.59,  66
-1
 1,244.00,401.45,  61
 2,294.00,401.14,  93
person 3,431.00,486.53,  58
person 4,410.00,443.18,  48
 5,157.00,207.45,  55
 0,232.00,346.37,  66
-1
 1,244.00,399.66,  62
person 2,410.00,442.57,  47
person 3,430.00,484.72,  55
 4,157.00,207.91,  54
 0,232.00,345.48,  66
-1
 1,245.00,399.34,  63
 2,294.00,401.05,  94
person 3,432.00,484.28,  58
person 4,410.00,442.22,  47
 5,158.00,208.61,  55
 0,233.00,345.53,  66
-1
 1,245.00,398.79,  63
 2,294.00,401.15,  93
person 3,432.00,484.93,  58
person 4,410.00,442.64,  46
 5,158.00,208.45,  55
 0,232.00,345.93,  66
-1
 1,245.00,398.56,  62
person 2,436.00,486.16,  57
person 3,411.00,442.61,  47
 4,294.00,400.91,  93
 5,157.00,207.66,  55
 0,232.00,345.87,  66
-1
 1,244.00,400.97,  62
person 2,411.00,441.84,  47
person 3,439.00,486.85,  54
 4,294.00,400.70,  94
 5,157.00,208.00,  54
 0,232.00,346.27,  66
-1
 1,244.00,400.23,  63
person 2,442.00,486.82,  53
 3,295.00,400.52,  94
person 4,412.00,442.23,  49
 5,158.00,208.01,  55
 0,232.00,346.63,  66
-1
 1,157.00,207.51,  55
person 2,412.00,442.19,  48
person 3,444.00,488.20,  51
 0,227.00,414.35,  81
-1
person 1,444.00,487.51,  51
person 2,412.00,441.14,  48
 3,157.00,208.38,  54
 0,231.00,345.46,  66
-1
person 1,412.00,441.21,  48
person 2,450.00,484.97,  46
 3,157.00,208.53,  54
 0,231.00,344.50,  66
-1
person 1,454.00,492.24,  44
 2,294.00,401.40,  93
person 3,412.00,441.15,  48
 4,157.00,208.08,  54
 0,232.00,345.49,  67
-1
person 1,412.00,440.76,  48
person 2,453.00,495.80,  49
 3,157.00,208.02,  54
 0,232.00,345.23,  66
-1
 1,245.00,400.77,  63
person 2,413.00,441.63,  48
person 3,455.00,497.71,  49
 4,293.00,400.71,  94
 5,157.00,207.92,  54
 0,231.00,344.88,  67
-1
 1,246.00,399.76,  64
person 2,455.00,498.44,  49
 3,293.00,400.46,  93
person 4,413.00,441.71,  48
 5,158.00,208.57,  54
 0,231.00,345.00,  66
-1
person 1,413.00,441.36,  48
person 2,455.00,500.14,  49
 3,157.00,207.77,  54
 0,232.00,345.29,  67
-1
 1,245.00,401.00,  62
 2,293.00,400.96,  93
person 3,455.00,501.31,  49
person 4,413.00,441.47,  47
 5,158.00,208.46,  54
 0,231.00,345.68,  66
-1
 1,245.00,400.38,  62
person 2,413.00,441.70,  47
person 3,455.00,502.78,  50
 4,292.00,400.61,  92
 5,158.00,208.44,  54
 0,232.00,346.49,  66
-1
 1,244.00,400.84,  62
 2,223.00,413.20,  81
 3,292.00,400.72,  93
person 4,400.00,419.01,  47
person 5,413.00,441.07,  47
 6,157.00,208.02,  55
person 7,456.00,502.97,  51
 0,232.00,346.37,  66
-1
 1,245.00,400.32,  62
 2,292.00,399.54,  92
person 3,458.00,503.78,  51
person 4,413.00,440.64,  47
 5,157.00,207.70,  55
 0,231.00,346.09,  66
-1
 1,245.00,400.68,  63
 2,293.00,400.63,  93
person 3,460.00,503.81,  51
person 4,414.00,441.04,  47
 5,157.00,208.40,  55
 0,232.00,346.71,  65
-1
 1,245.00,401.12,  62
person 2,414.00,440.19,  47
person 3,463.00,505.15,  50
 4,293.00,399.70,  94
 5,157.00,207.88,  54
 0,231.00,346.72,  65
-1
person 1,418.00,442.87,  46
 2,223.00,417.24,  81
 3,158.00,208.18,  55
 4,292.00,399.99,  93
person 5,466.00,506.62,  52
 0,232.00,347.48,  66
-1
 1,246.00,399.02,  63
person 2,418.00,442.34,  46
person 3,470.00,506.96,  50
 4,293.00,400.91,  94
 5,158.00,208.04,  55
 0,231.00,346.26,  66
-1
person 1,418.00,442.54,  47
 2,292.00,400.38,  93
 3,157.00,208.03,  54
person 4,472.00,508.33,  50
 0,232.00,346.33,  66
-1
 1,247.00,399.07,  63
 2,222.00,416.52,  81
person 3,418.00,443.05,  46
 4,292.00,399.63,  92
 5,158.00,208.61,  54
person 6,473.00,508.75,  50
 0,231.00,347.17,  65
-1
person 1,418.00,442.31,  46
person 2,401.00,419.55,  46
person 3,473.00,511.29,  54
 4,158.00,208.50,  55
 5,293.00,399.02,  94
 0,230.00,345.99,  65
-1
person 1,418.00,442.56,  45
person 2,401.00,419.50,  46
person 3,473.00,511.18,  55
 4,293.00,399.60,  93
 5,158.00,208.62,  55
 0,231.00,347.09,  65
-1
person 1,418.00,442.88,  45
person 2,400.00,418.74,  46
person 3,474.00,511.11,  56
 4,293.00,399.87,  93
 5,158.00,208.32,  54
 0,231.00,346.84,  65
-1
 1,222.00,416.10,  83
person 2,418.00,443.00,  44
 3,293.00,400.55,  93
 4,158.00,208.21,  55
person 5,475.00,512.83,  57
 0,231.00,346.14,  66
-1
 1,223.00,414.97,  83
person 2,418.00,443.62,  45
 3,158.00,208.63,  54
 4,293.00,400.45,  92
person 5,475.00,512.70,  57
 0,230.00,345.89,  65
-1
 1,223.00,417.10,  84
person 2,418.00,443.65,  45
 3,294.00,401.41,  93
 4,157.00,208.05,  54
person 5,476.00,512.98,  57
 0,232.00,346.87,  65
-1
person 1,418.00,443.48,  46
person 2,476.00,512.73,  58
 3,294.00,401.05,  93
 4,157.00,208.03,  54
 0,232.00,347.71,  65
-1
 1,222.00,415.69,  80
person 2,418.00,443.10,  46
 3,158.00,208.51,  54
 4,292.00,400.53,  92
person 5,476.00,512.16,  59
 0,231.00,346.58,  66
-1
person 1,418.00,443.81,  46
person 2,477.00,512.91,  59
 3,292.00,400.68,  93
 4,158.00,208.04,  55
 0,232.00,346.01,  65
-1
 1,222.00,419.14,  81
person 2,418.00,443.69,  46
 3,157.00,208.07,  54
 4,293.00,400.46,  93
person 5,477.00,513.32,  59
 0,231.00,345.35,  65
-1
 1,294.00,401.18,  93
person 2,477.00,513.09,  59
 3,157.00,207.88,  54
 4,223.00,418.75,  81
person 5,418.00,443.85,  45
 0,231.00,346.47,  66
-1
 1,223.00,416.25,  81
person 2,478.00,512.70,  59
 3,293.00,400.12,  93
 4,157.00,207.48,  54
person 5,418.00,443.56,  45
 0,231.00,346.14,  65
-1
 1,293.00,400.76,  93
person 2,478.00,511.90,  57
 3,223.00,414.27,  80
 4,158.00,208.18,  54
person 5,418.00,443.85,  44
 0,231.00,345.02,  66
-1
person 1,412.00,440.81,  46
 2,225.00,412.39,  81
 3,295.00,400.63,  93
 4,158.00,207.85,  54
person 5,481.00,510.78,  53
 0,232.00,345.98,  66
-1
 1,294.00,400.09,  93
person 2,412.00,441.89,  47
person 3,481.00,510.24,  52
 4,157.00,207.68,  55
 0,232.00,346.13,  67
-1
person 1,412.00,441.75,  46
 2,224.00,412.56,  82
 3,296.00,401.64,  93
 4,158.00,208.51,  55
person 5,482.00,510.71,  51
 0,231.00,345.84,  66
-1
 1,295.00,401.06,  94
person 2,412.00,441.30,  46
person 3,482.00,509.93,  50
 4,158.00,208.12,  55
 0,231.00,344.95,  65
-1
person 1,412.00,441.02,  46
person 2,482.00,509.82,  50
 3,296.00,401.27,  93
 4,158.00,208.68,  55
 0,232.00,346.01,  66
-1
person 1,412.00,441.97,  46
 2,224.00,413.84,  80
 3,157.00,207.65,  54
person 4,482.00,509.43,  50
 0,232.00,345.29,  65
-1
 1,294.00,401.01,  93
person 2,411.00,441.37,  45
 3,223.00,415.81,  81
 4,157.00,208.61,  54
person 5,482.00,509.23,  51
 0,232.00,347.43,  66
-1
person 1,412.00,441.53,  46
 2,225.00,414.83,  81
 3,157.00,208.09,  54
person 4,482.00,509.09,  52
 0,232.00,345.96,  66
-1
 1,294.00,400.59,  93
person 2,412.00,441.69,  45
 3,157.00,207.81,  54
 4,224.00,413.94,  82
person 5,482.00,509.00,  53
 0,232.00,346.78,  66
-1
 1,157.00,208.03,  54
 2,223.00,414.13,  81
 3,295.00,401.45,  93
person 4,412.00,441.38,  45
person 5,482.00,508.94,  53
 0,232.00,346.74,  66
-1
 1,248.00,398.26,  63
 2,157.00,207.90,  55
 3,294.00,400.41,  92
person 4,412.00,441.07,  45
person 5,482.00,509.52,  53
 0,232.00,346.73,  67
-1
 1,248.00,398.39,  63
 2,157.00,207.89,  55
 3,294.00,400.22,  92
person 4,412.00,441.11,  45
person 5,482.00,509.40,  53
 0,232.00,346.97,  65
-1
 1,247.00,399.45,  63
 2,158.00,208.65,  55
 3,294.00,401.00,  92
 4,225.00,412.89,  80
person 5,412.00,440.45,  45
person 6,482.00,509.08,  53
 0,233.00,346.96,  66
-1
 1,249.00,398.94,  64
 2,158.00,208.47,  54
 3,294.00,399.98,  92
person 4,412.00,440.62,  45
person 5,483.00,509.75,  53
 0,232.00,346.47,  66
-1
person 1,412.00,440.19,  45
 2,157.00,207.24,  55
person 3,483.00,509.00,  52
 0,232.00,347.19,  66
-1
 1,226.00,414.58,  79
 2,157.00,207.38,  55
 3,293.00,400.45,  92
person 4,412.00,440.23,  45
person 5,483.00,508.07,  51
 0,232.00,345.83,  66
-1
 1,225.00,414.54,  81
 2,157.00,207.67,  54
person 3,412.00,439.75,  45
 4,293.00,400.41,  92
person 5,483.00,509.11,  49
 0,232.00,346.04,  65
-1
person 1,412.00,439.55,  45
 2,294.00,400.70,  92
person 3,483.00,509.25,  48
 4,158.00,207.99,  54
 0,232.00,345.68,  65
-1
person 1,412.00,439.49,  45
 2,224.00,413.27,  82
 3,158.00,207.97,  54
 4,294.00,400.06,  93
person 5,483.00,509.07,  47
 0,232.00,346.48,  66
-1
person 1,412.00,439.65,  44
 2,294.00,400.57,  92
 3,158.00,207.65,  55
 4,224.00,413.73,  81
person 5,484.00,509.74,  46
 0,232.00,344.44,  67
-1
person 1,412.00,439.14,  44
 2,223.00,411.09,  81
 3,158.00,207.82,  54
 4,296.00,401.37,  94
person 5,484.00,509.06,  46
 0,231.00,346.27,  66
-1
person 1,412.00,439.37,  44
 2,294.00,400.07,  92
 3,158.00,208.26,  54
 4,223.00,413.20,  81
person 5,484.00,508.13,  46
 0,232.00,346.18,  65
-1
 1,225.00,412.83,  80
 2,157.00,208.06,  55
 3,294.00,399.59,  92
person 4,412.00,438.80,  44
person 5,484.00,507.86,  46
 0,232.00,344.80,  66
-1
 1,296.00,401.11,  93
person 2,412.00,438.87,  44
 3,157.00,208.43,  54
 4,224.00,412.02,  81
person 5,485.00,508.09,  46
 0,232.00,346.51,  67
-1
 1,247.00,400.11,  63
 2,223.00,412.44,  81
person 3,412.00,439.01,  45
 4,157.00,207.45,  54
 5,295.00,400.42,  93
person 6,484.00,507.01,  45
 0,231.00,345.40,  67
-1
 1,223.00,410.98,  81
person 2,412.00,439.37,  44
 3,295.00,399.23,  93
 4,157.00,207.81,  54
person 5,484.00,507.73,  44
 0,232.00,346.05,  66
-1
person 1,412.00,439.26,  44
 2,224.00,411.53,  80
 3,295.00,400.16,  92
 4,158.00,208.29,  54
person 5,484.00,507.95,  45
 0,231.00,345.13,  66
-1
 1,157.00,208.23,  54
person 2,412.00,439.30,  44
 3,295.00,399.45,  93
person 4,483.00,506.85,  45
 0,232.00,346.13,  66
-1
 1,223.00,413.07,  81
person 2,483.00,507.31,  45
 3,295.00,399.35,  93
 4,157.00,207.33,  54
person 5,412.00,439.71,  45
 0,231.00,345.92,  66
-1
person 1,483.00,507.21,  45
person 2,411.00,438.03,  45
 3,294.00,398.86,  93
 4,158.00,208.10,  54
 0,232.00,345.51,  65
-1
person 1,411.00,437.59,  45
 2,158.00,207.76,  54
person 3,483.00,507.02,  45
 0,231.00,345.67,  65
-1
 1,247.00,399.68,  62
person 2,411.00,438.01,  46
person 3,482.00,506.17,  45
 4,158.00,208.12,  54
 0,232.00,345.44,  66
-1
person 1,481.00,504.75,  44
person 2,411.00,438.73,  46
 3,158.00,208.16,  55
 0,233.00,346.30,  66
-1
 1,247.00,400.28,  62
 2,158.00,208.27,  55
person 3,481.00,504.95,  44
person 4,411.00,438.43,  46
person 0,411.00,438.00,  46
-1
person 1,479.00,502.95,  43
 2,158.00,207.77,  55
 3,231.00,346.26,  65
 0,232.00,346.51,  66
-1
 1,246.00,400.56,  62
 2,158.00,207.98,  55
person 3,478.00,502.03,  42
person 4,411.00,438.32,  46
 0,232.00,346.43,  66
-1
person 1,478.00,502.02,  40
 2,157.00,207.64,  55
person 3,411.00,437.80,  46
 0,232.00,346.68,  66
-1
 1,157.00,207.86,  54
person 2,411.00,437.89,  46
person 3,477.00,500.19,  40
 0,231.00,346.31,  65
-1
 1,158.00,208.21,  54
person 2,476.00,498.90,  40
 3,224.00,412.90,  78
person 4,411.00,438.13,  45
 0,231.00,345.79,  66
-1
person 1,475.00,498.46,  40
 2,226.00,411.45,  78
 3,157.00,207.75,  54
 4,294.00,400.11,  93
person 5,411.00,438.41,  45
 0,232.00,346.84,  65
-1
person 1,475.00,498.56,  41
 2,157.00,207.78,  54
person 3,411.00,438.36,  45
 4,294.00,400.57,  93
 0,232.00,345.48,  66
-1
 1,157.00,208.06,  54
person 2,475.00,497.88,  41
person 3,411.00,437.98,  45
 4,294.00,400.23,  93
 0,231.00,346.12,  66
-1
person 1,475.00,496.45,  42
person 2,411.00,438.65,  45
 3,157.00,207.52,  55
 0,232.00,345.57,  66
-1
person 1,471.00,494.88,  42
 2,157.00,207.30,  54
person 3,411.00,437.85,  45
 0,231.00,346.98,  65
-1
person 1,470.00,494.70,  41
person 2,411.00,437.44,  45
 3,157.00,207.71,  55
 0,157.00,207.72,  54
-1
person 1,469.00,493.58,  39
person 2,411.00,437.49,  45
 0,231.00,347.49,  64
-1
person 1,412.00,438.31,  44
person 2,469.00,492.88,  40
 3,157.00,207.99,  55
 4,293.00,399.54,  94
person 0,469.00,492.87,  40
-1
person 1,411.00,437.72,  44
 2,157.00,207.75,  54
 3,231.00,347.97,  65
 0,231.00,346.52,  65
-1
 1,224.00,414.18,  79
 2,158.00,208.22,  54
person 3,469.00,492.28,  39
person 4,412.00,438.48,  44
 0,231.00,346.82,  64
-1
 1,224.00,414.28,  78
 2,158.00,208.19,  55
person 3,469.00,491.47,  39
person 4,411.00,437.68,  44
 0,232.00,347.29,  65
-1
 1,225.00,414.42,  80
 2,158.00,207.78,  55
person 3,469.00,490.68,  40
person 4,411.00,437.88,  44
 0,223.00,415.17,  79
-1
 1,157.00,207.36,  55
person 2,411.00,438.46,  44
person 3,469.00,490.04,  40
 0,223.00,415.35,  79
-1
 1,157.00,207.43,  55
person 2,468.00,488.32,  40
person 3,411.00,438.33,  43
 0,231.00,346.59,  66
-1
 1,226.00,413.63,  79
 2,294.00,399.88,  93
 3,157.00,207.52,  55
person 4,411.00,438.72,  44
person 5,468.00,487.12,  40
 0,226.00,416.46,  78
-1
 1,157.00,207.54,  54
person 2,410.00,437.88,  44
person 3,467.00,485.77,  41
person 0,410.00,437.92,  44
-1
person 1,467.00,485.30,  41
 2,225.00,414.24,  78
 3,157.00,207.82,  55
 4,295.00,400.81,  94
 0,231.00,345.80,  66
-1
 1,226.00,414.72,  78
 2,157.00,207.92,  55
person 3,467.00,484.52,  40
person 4,410.00,437.87,  44
 0,225.00,414.33,  79
-1
 1,157.00,207.92,  55
person 2,411.00,438.87,  44
person 3,467.00,484.24,  40
 0,224.00,413.83,  79
-1
 1,158.00,208.20,  55
person 2,411.00,438.99,  44
 3,232.00,346.88,  66
person 4,466.00,483.34,  38
 0,223.00,412.95,  78
-1
 1,157.00,207.98,  55
person 2,410.00,438.11,  43
 3,231.00,346.94,  66
person 4,465.00,482.19,  39
person 0,465.00,481.80,  39
-1
 1,223.00,413.87,  78
 2,157.00,208.57,  54
person 3,411.00,438.83,  43
 0,231.00,347.70,  67
-1
 1,294.00,399.87,  92
 2,224.00,412.27,  80
 3,158.00,208.49,  54
person 4,410.00,437.43,  42
person 5,464.00,481.40,  39
 0,230.00,346.65,  66
-1
 1,157.00,208.15,  54
 2,223.00,412.96,  79
 3,293.00,398.67,  93
person 4,411.00,438.22,  43
person 5,464.00,481.79,  38
 0,230.00,346.59,  66
-1
 1,157.00,207.97,  54
 2,293.00,399.54,  93
 3,224.00,411.63,  78
person 4,410.00,437.75,  43
person 5,463.00,481.23,  39
 0,231.00,347.29,  66
-1
person 1,401.00,419.53,  47
 2,157.00,207.47,  55
 3,294.00,399.92,  94
person 4,411.00,437.79,  43
person 5,463.00,480.90,  39
 0,231.00,346.36,  66
-1
 1,294.00,400.44,  93
 2,157.00,207.73,  55
person 3,463.00,480.66,  39
person 4,411.00,438.04,  42
person 0,411.00,437.96,  42
-1
 1,157.00,207.59,  55
 2,231.00,346.13,  65
person 3,463.00,480.52,  39
 0,231.00,345.98,  65
-1
 1,157.00,207.42,  54
person 2,411.00,438.24,  43
person 3,463.00,480.85,  39
 0,231.00,346.18,  65
-1
 1,223.00,413.68,  78
 2,158.00,208.04,  54
person 3,400.00,418.75,  47
person 4,411.00,437.88,  43
person 5,461.00,477.34,  38
 0,231.00,345.97,  65
-1
 1,222.00,415.73,  80
 2,158.00,208.54,  54
person 3,460.00,476.87,  37
person 4,411.00,438.09,  43
 0,222.00,414.12,  79
-1
 1,157.00,207.99,  54
person 2,411.00,437.41,  43
 3,230.00,346.44,  65
person 4,460.00,476.78,  37
person 0,460.00,476.03,  37
-1
person 1,411.00,438.00,  43
 2,158.00,207.97,  54
 3,231.00,346.52,  66
person 0,460.00,475.45,  37
-1
 1,295.00,400.16,  94
 2,157.00,207.68,  54
 3,232.00,346.67,  67
person 4,411.00,438.19,  43
 0,222.00,415.26,  80
-1
 1,157.00,207.86,  54
person 2,411.00,437.91,  44
 3,231.00,346.36,  66
person 4,460.00,474.51,  38
 0,224.00,415.67,  79
-1
 1,158.00,208.52,  55
person 2,460.00,474.38,  39
person 3,411.00,437.72,  44
 0,231.00,346.17,  65
-1
 1,157.00,207.84,  55
person 2,458.00,473.18,  39
person 3,410.00,437.43,  44
person 0,410.00,437.52,  44
-1
 1,157.00,207.63,  55
 2,232.00,346.79,  65
person 3,458.00,473.37,  40
 0,231.00,346.10,  65
-1
 1,158.00,208.32,  55
person 2,457.00,473.27,  40
person 3,410.00,437.69,  44
person 0,410.00,437.98,  44
-1
 1,158.00,208.31,  55
 2,232.00,345.40,  65
person 3,456.00,472.59,  39
 0,231.00,346.42,  66
-1
person 1,409.00,438.62,  44
person 2,454.00,471.84,  39
 3,158.00,208.45,  55
 0,231.00,346.99,  66
-1
person 1,409.00,439.46,  44
person 2,454.00,471.44,  39
 3,157.00,207.17,  55
 0,232.00,347.06,  66
-1
person 1,454.00,471.18,  39
 2,294.00,399.12,  94
 3,158.00,208.06,  54
person 4,409.00,438.75,  44
 0,231.00,346.17,  67
-1
person 1,453.00,469.41,  39
 2,157.00,207.70,  55
 3,222.00,414.09,  79
 4,294.00,400.03,  94
person 5,409.00,437.94,  45
 0,231.00,346.41,  66
-1
 1,158.00,207.63,  56
person 2,408.00,437.56,  45
person 3,453.00,469.59,  39
 0,231.00,347.29,  66
-1
person 1,453.00,469.42,  39
person 2,408.00,439.24,  46
 3,157.00,208.05,  54
 0,232.00,347.76,  66
-1
person 1,452.00,468.68,  39
person 2,407.00,438.40,  47
 3,158.00,207.96,  55
 0,231.00,347.89,  66
-1
person 1,452.00,468.04,  39
 2,158.00,208.02,  54
person 3,406.00,438.82,  47
 0,232.00,347.32,  66
-1
person 1,452.00,468.33,  39
 2,158.00,207.84,  55
person 3,405.00,438.97,  47
 4,294.00,400.30,  94
 0,231.00,347.98,  66
-1
person 1,452.00,468.62,  38
 2,294.00,399.35,  93
person 3,405.00,438.98,  47
 4,157.00,207.50,  54
 0,231.00,348.53,  66
-1
 1,157.00,207.81,  54
person 2,450.00,466.54,  37
person 3,398.00,439.34,  52
 4,295.00,400.01,  94
 0,231.00,347.31,  66
-1
 1,247.00,397.39,  64
person 2,450.00,466.56,  36
person 3,397.00,438.12,  53
 4,157.00,208.23,  54
 0,232.00,347.43,  66
-1
 1,247.00,397.90,  63
person 2,450.00,467.01,  36
person 3,397.00,438.30,  53
 4,157.00,208.77,  54
 0,232.00,347.02,  66
-1
person 1,450.00,466.48,  37
person 2,396.00,438.60,  53
 3,157.00,208.49,  54
 0,232.00,347.57,  66
-1
person 1,446.00,463.00,  35
person 2,395.00,438.46,  53
 3,157.00,208.19,  54
 0,231.00,347.97,  66
-1
 1,157.00,207.75,  54
person 2,446.00,463.16,  36
person 3,395.00,438.31,  54
 4,293.00,398.35,  94
 0,231.00,348.26,  65
-1
person 1,394.00,431.65,  59
person 2,445.00,463.25,  36
 3,157.00,207.80,  53
 0,231.00,347.85,  66
-1
person 1,394.00,431.66,  59
 2,294.00,398.72,  94
person 3,445.00,463.54,  36
 4,158.00,208.37,  54
 0,230.00,348.93,  65
-1
person 1,394.00,431.29,  58
person 2,444.00,462.97,  35
 3,157.00,207.40,  54
 0,231.00,349.18,  65
-1
person 1,444.00,462.91,  35
person 2,393.00,431.80,  57
 3,158.00,208.02,  54
 0,232.00,348.66,  66
-1
person 1,443.00,462.99,  35
person 2,392.00,430.79,  55
 3,158.00,207.64,  54
 0,232.00,348.38,  66
-1
person 1,443.00,462.61,  35
person 2,390.00,429.39,  55
 3,158.00,208.03,  54
 0,231.00,348.13,  66
-1
person 1,443.00,462.15,  35
person 2,389.00,429.73,  54
 3,158.00,208.15,  54
person 0,389.00,428.27,  54
-1
person 1,443.00,460.86,  35
 2,158.00,207.58,  54
 3,232.00,347.46,  66
person 0,443.00,461.56,  36
-1
person 1,388.00,427.90,  53
 2,158.00,207.67,  55
 3,231.00,347.26,  66
person 0,387.00,427.83,  51
-1
person 1,442.00,460.41,  35
 2,157.00,207.50,  55
 3,231.00,347.10,  66
person 0,442.00,459.73,  35
-1
person 1,386.00,427.57,  51
 2,157.00,207.66,  54
 3,231.00,346.83,  65
 0,231.00,346.61,  66
-1
 1,294.00,399.06,  94
person 2,386.00,427.35,  53
person 3,441.00,457.59,  35
 4,157.00,208.17,  54
 0,231.00,346.95,  66
-1
person 1,441.00,456.50,  35
person 2,386.00,426.54,  56
 3,157.00,207.30,  54
 4,293.00,398.08,  95
 0,232.00,347.43,  66
-1
person 1,440.00,454.92,  35
person 2,385.00,424.54,  57
 3,158.00,207.93,  54
 0,231.00,347.96,  65
-1
 1,157.00,207.15,  53
person 2,385.00,424.72,  59
person 3,440.00,454.94,  35
 0,230.00,346.71,  65
-1
 1,157.00,208.00,  54
person 2,384.00,424.32,  61
person 3,439.00,453.98,  35
 0,231.00,348.17,  65
-1
 1,156.00,207.67,  53
person 2,383.00,423.64,  61
person 3,438.00,452.53,  35
 0,231.00,347.16,  64
-1
 1,157.00,206.94,  53
person 2,383.00,423.58,  60
person 3,438.00,452.77,  36
 0,232.00,347.53,  65
-1
person 1,437.00,452.41,  36
 2,157.00,207.17,  54
person 3,381.00,422.77,  62
 0,231.00,347.16,  65
-1
person 1,380.00,422.09,  60
person 2,437.00,452.97,  36
 3,157.00,207.51,  54
 4,293.00,398.90,  94
 0,231.00,347.53,  65
-1
 1,157.00,208.29,  54
person 2,378.00,420.79,  59
person 3,436.00,452.71,  36
person 0,377.00,420.06,  58
-1
person 1,436.00,452.60,  35
 2,157.00,208.18,  53
 3,231.00,347.52,  65
 0,218.00,426.79,  76
-1
 1,232.00,348.75,  66
 2,157.00,208.70,  54
person 3,377.00,419.17,  59
person 4,436.00,453.26,  35
person 0,377.00,419.35,  58
-1
person 1,435.00,452.90,  35
 2,157.00,208.26,  54
 3,232.00,349.74,  66
 0,219.00,423.42,  75
-1
person 1,435.00,453.73,  35
person 2,377.00,418.42,  57
 3,157.00,207.48,  54
 4,293.00,399.17,  93
 0,156.00,207.70,  54
-1
person 1,374.00,414.94,  56
person 2,433.00,449.55,  35
 0,217.00,426.76,  78
-1
 1,231.00,350.77,  65
 2,293.00,398.59,  92
person 3,433.00,449.47,  34
person 4,373.00,414.22,  56
 5,157.00,208.11,  54
 0,232.00,350.24,  65
-1
person 1,433.00,448.64,  33
 2,292.00,398.25,  91
person 3,373.00,414.49,  55
 4,158.00,208.06,  54
 0,232.00,351.76,  65
-1
person 1,432.00,447.70,  33
 2,293.00,398.46,  92
person 3,371.00,412.55,  53
 4,157.00,207.22,  54
person 0,370.00,412.15,  54
-1
 1,292.00,397.49,  92
 2,157.00,207.56,  54
 3,220.00,425.47,  77
person 4,432.00,447.61,  33
person 0,431.00,446.83,  33
-1
 1,157.00,207.51,  54
 2,220.00,425.23,  81
person 3,369.00,411.61,  54
person 0,369.00,411.18,  53
-1
 1,157.00,206.86,  54
 2,220.00,422.97,  83
person 3,431.00,446.91,  33
person 0,431.00,446.27,  33
-1
 1,220.00,422.05,  78
 2,293.00,398.10,  92
 3,157.00,207.61,  54
person 4,363.00,407.03,  51
 0,221.00,413.87,  74
-1
person 1,361.00,407.66,  49
person 2,430.00,445.49,  33
 3,157.00,207.53,  54
 0,232.00,350.11,  66
-1
person 1,356.00,409.81,  54
person 2,429.00,445.02,  33
 3,157.00,207.63,  54
person 0,355.00,409.63,  53
-1
 1,157.00,207.87,  54
 2,225.00,411.97,  79
 0,227.00,400.96,  78
-1
person 1,351.00,409.99,  52
 2,157.00,207.33,  55
person 0,348.00,408.01,  51
-1
 1,157.00,207.71,  54
 2,227.00,399.44,  80
person 0,344.00,402.34,  48
-1
 1,157.00,207.47,  54
 2,228.00,399.45,  77
person 0,342.00,398.79,  47
-1
 1,158.00,208.03,  54
 2,228.00,400.17,  76
person 0,339.00,398.02,  47
-1
 1,157.00,207.26,  54
 2,229.00,402.65,  76
 0,230.00,403.14,  79
-1
 1,158.00,207.32,  55
person 2,339.00,396.58,  48
 0,233.00,350.78,  67
-1
 1,291.00,398.64,  93
 2,158.00,207.49,  54
person 3,337.00,394.95,  49
person 0,337.00,393.75,  47
-1
 1,291.00,399.90,  92
person 0,335.00,394.41,  48
-1
 1,291.00,399.59,  92
 0,279.00,413.71,  34
-1
 1,369.00,399.08,  12
person 2,335.00,393.53,  49
 3,291.00,399.05,  92
 0,281.00,413.63,  34
-1
 1,368.00,398.94,  12
person 2,333.00,394.07,  49
 3,291.00,398.46,  92
 0,282.00,414.20,  35
-1
person 1,333.00,391.83,  47
 2,291.00,398.62,  93
 3,239.00,343.17,  67
 4,368.00,398.74,  12
 0,283.00,413.96,  35
-1
 1,369.00,399.39,  12
 2,293.00,398.01,  93
person 3,328.00,386.14,  49
 0,283.00,415.10,  34
-1
 1,369.00,399.54,  12
person 2,328.00,385.40,  47
 3,292.00,398.59,  91
person 0,326.00,381.04,  45
-1
 1,284.00,414.72,  34
 2,157.00,206.79,  55
 3,368.00,398.86,  12
 4,292.00,397.91,  92
 0,292.00,399.08,  90
-1
 1,157.00,207.56,  55
person 2,324.00,376.23,  47
 3,282.00,415.61,  33
 0,293.00,398.64,  91
-1
 1,283.00,415.73,  33
person 2,323.00,374.85,  47
 3,369.00,399.06,  12
 0,293.00,398.67,  91
-1
 1,283.00,414.94,  33
person 2,321.00,372.92,  49
 3,156.00,206.74,  54
 0,284.00,414.31,  33
-1
 1,294.00,398.79,  92
 2,156.00,206.89,  54
 3,234.00,339.95,  65
person 4,319.00,368.50,  51
 0,287.00,413.76,  34
-1
 1,369.00,399.03,  12
person 2,317.00,365.47,  52
 3,294.00,399.39,  92
 0,286.00,408.38,  53
-1
 1,295.00,398.72,  92
 2,369.00,399.28,  12
 3,234.00,341.62,  66
person 4,315.00,364.17,  54
 5,156.00,206.70,  55
person 0,311.00,363.21,  53
-1
 1,284.00,413.35,  33
 2,157.00,207.84,  54
 3,295.00,399.39,  93
 0,156.00,208.33,  54
-1
 1,295.00,400.76,  91
 2,284.00,414.93,  33
person 3,299.00,359.13,  54
 0,285.00,415.38,  33
-1
 1,295.00,399.96,  92
 2,369.00,398.82,  12
 3,238.00,335.64,  62
person 4,297.00,359.74,  54
 5,156.00,208.38,  54
 0,284.00,415.15,  33
-1
 1,295.00,399.25,  92
 2,156.00,207.52,  54
 3,237.00,336.59,  62
person 4,296.00,357.97,  51
 0,282.00,414.61,  31
-1
 1,295.00,400.46,  93
 2,156.00,207.31,  54
 3,237.00,344.28,  61
person 4,296.00,352.75,  50
 0,282.00,414.92,  32
-1
 1,294.00,399.11,  93
 2,156.00,207.59,  55
person 3,293.00,350.13,  47
 0,294.00,401.00,  92
-1
 1,156.00,207.22,  55
person 2,290.00,350.38,  46
 0,292.00,349.06,  43
-1
person 1,290.00,347.60,  45
 2,294.00,400.94,  93
 3,157.00,207.75,  55
 0,156.00,207.39,  55
-1
 1,293.00,400.52,  93
person 2,288.00,346.79,  45
person 0,280.00,352.98,  46
-1
 1,292.00,400.26,  93
 2,156.00,208.05,  55
 3,283.00,346.51,  43
 0,292.00,399.50,  93
-1
 1,156.00,207.29,  55
person 2,276.00,349.61,  47
person 0,274.00,343.45,  47
-1
 1,293.00,399.94,  92
 2,156.00,207.07,  55
person 0,270.00,330.58,  48
-1
 1,293.00,398.99,  92
 2,156.00,207.54,  55
 0,294.00,399.81,  93
-1
 1,271.00,343.40,  47
 2,156.00,207.66,  54
person 3,269.00,327.56,  48
 0,293.00,399.50,  92
-1
 1,265.00,325.32,  40
 2,157.00,207.42,  55
person 3,267.00,323.54,  49
 0,293.00,398.93,  92
-1
 1,157.00,208.11,  54
person 2,265.00,320.71,  48
person 0,263.00,317.92,  49
-1
 1,294.00,398.62,  93
 2,156.00,207.02,  56
 3,255.00,319.23,  42
 0,294.00,398.62,  92
-1
 1,157.00,207.61,  55
person 2,260.00,314.75,  49
 0,293.00,398.59,  92
-1
 1,156.00,208.13,  55
 0,156.00,208.40,  55
-1
 1,244.00,435.88,  78
 2,292.00,397.94,  92
 0,156.00,208.09,  56
-1
 1,294.00,398.39,  91
 0,157.00,207.98,  56
-1
 1,294.00,398.70,  92
 0,293.00,399.58,  91
-1
 1,156.00,207.75,  55
person 2,252.00,305.58,  49
 3,244.00,435.71,  80
person 0,252.00,305.95,  51
-1
 1,246.00,432.45,  81
 2,292.00,398.66,  92
 3,157.00,207.75,  56
 0,293.00,399.47,  94
-1
 1,156.00,207.65,  55
person 2,242.00,301.69,  54
 0,291.00,398.75,  93
-1
 1,157.00,208.15,  55
person 2,240.00,299.44,  55
 0,247.00,430.71,  84
-1
 1,290.00,399.17,  91
person 2,239.00,297.86,  55
person 0,240.00,297.22,  56
-1
 1,291.00,399.43,  93
 0,156.00,208.72,  54
-1
person 1,240.00,296.75,  56
 2,292.00,398.66,  93
 3,250.00,431.35,  83
person 0,237.00,296.30,  57
-1
 1,292.00,398.74,  93
 2,156.00,208.99,  54
person 0,236.00,296.25,  58
-1
 1,291.00,399.07,  93
 2,156.00,208.52,  55
person 0,233.00,293.31,  59
-1
 1,291.00,398.72,  93
 2,157.00,208.22,  55
person 0,233.00,290.63,  62
-1
 1,291.00,398.66,  93
 2,158.00,208.41,  55
person 0,231.00,288.34,  60
-1
 1,292.00,397.85,  94
 2,157.00,207.70,  55
person 0,231.00,287.59,  60
-1
 1,291.00,398.35,  94
person 0,231.00,284.66,  59
-1
 1,292.00,398.79,  94
 2,156.00,207.85,  55
person 0,230.00,280.79,  56
-1
 1,290.00,399.14,  95
 2,157.00,208.01,  56
person 0,230.00,275.46,  56
-1
 1,291.00,398.41,  95
 2,157.00,208.38,  56
 0,291.00,397.96,  94
-1
 1,157.00,207.61,  55
person 2,230.00,273.98,  56
person 0,231.00,273.64,  55
-1
 1,292.00,398.34,  94
 2,159.00,208.80,  56
 0,292.00,400.06,  94
-1
person 1,231.00,273.30,  56
person 0,229.00,273.38,  54
-1
 1,292.00,399.40,  94
 2,158.00,208.08,  56
 0,158.00,209.15,  56
-1
 1,292.00,399.93,  96
person 2,228.00,273.59,  54
person 0,227.00,273.46,  55
-1
 1,292.00,399.51,  95
person 0,223.00,270.78,  54
-1
 1,292.00,399.01,  95
 2,157.00,209.69,  56
 0,157.00,208.80,  56
-1
 1,292.00,399.21,  94
person 2,222.00,269.47,  54
person 0,221.00,269.32,  55
-1
 1,292.00,399.75,  95
 2,157.00,208.86,  55
person 0,220.00,269.57,  56
-1
 1,292.00,399.76,  93
person 0,218.00,269.19,  57
-1
 1,294.00,400.63,  94
person 0,217.00,268.00,  58
-1
 1,293.00,400.46,  93
 0,293.00,400.11,  94
-1
person 1,216.00,268.43,  57
person 0,215.00,267.47,  56
-1
 1,293.00,400.10,  92
 0,293.00,399.66,  92
-1
person 1,214.00,266.58,  55
 0,292.00,398.72,  93
-1
person 1,213.00,265.76,  55
 0,293.00,398.73,  94
-1
person 1,213.00,264.56,  55
 0,293.00,399.08,  94
-1
person 1,213.00,263.07,  54
 0,291.00,398.75,  94
-1
person 1,212.00,261.10,  52
 0,292.00,400.27,  94
-1
person 1,212.00,259.52,  51
person 0,211.00,257.69,  51
-1
 1,292.00,400.18,  93
 0,157.00,207.88,  54
-1
 1,292.00,399.98,  93
person 2,211.00,256.37,  53
 0,157.00,207.61,  53
-1
person 1,211.00,255.84,  53
 0,158.00,208.39,  53
-1
person 1,211.00,255.22,  53
 0,158.00,209.06,  53
-1
 1,293.00,400.02,  94
person 2,210.00,254.11,  53
 0,158.00,208.58,  53
-1
 1,292.00,399.21,  93
person 2,210.00,253.64,  53
 0,158.00,208.51,  53
-1
 1,293.00,399.65,  93
person 2,210.00,254.17,  54
person 0,210.00,253.63,  55
-1
 1,293.00,399.61,  94
 2,157.00,208.04,  53
 0,158.00,208.48,  53
-1
person 1,210.00,254.06,  56
person 0,211.00,254.56,  56
-1
 1,157.00,207.50,  53
person 0,210.00,253.26,  56
-1
 1,293.00,400.17,  94
 2,158.00,208.12,  53
 0,158.00,207.97,  53
-1
 1,292.00,399.24,  94
person 2,211.00,253.49,  57
 0,158.00,207.66,  53
-1
 1,292.00,400.11,  94
person 2,211.00,252.90,  57
 0,159.00,208.75,  53
-1
 1,294.00,400.33,  94
person 2,211.00,251.46,  58
person 0,211.00,250.85,  57
-1
person 0,211.00,249.38,  55
-1
 1,158.00,207.46,  52
person 0,213.00,245.76,  52
-1
person 0,213.00,245.69,  51
-1
person 0,213.00,245.00,  49
-1
person 0,213.00,245.04,  47
-1
 1,290.00,398.60,  92
person 0,213.00,244.42,  46
-1
 1,289.00,399.27,  92
person 0,213.00,244.03,  46
-1
 1,290.00,400.49,  93
person 0,213.00,244.27,  45
-1
 1,289.00,399.70,  92
person 0,213.00,243.90,  46
-1
 1,290.00,400.27,  93
person 0,213.00,243.16,  45
-1
 1,291.00,400.40,  93
person 0,213.00,242.97,  45
-1
 1,290.00,399.17,  92
person 0,214.00,243.23,  46
-1
 1,291.00,400.16,  94
person 0,214.00,242.91,  46
-1
 1,292.00,400.77,  94
person 0,213.00,241.94,  47
-1
 1,291.00,399.90,  94
person 0,213.00,240.73,  47
-1
 1,291.00,400.01,  93
person 0,214.00,241.21,  47
-1
 1,291.00,399.35,  93
person 0,213.00,240.42,  48
-1
 1,292.00,400.87,  94
person 0,213.00,240.22,  48
-1
 1,292.00,399.25,  95
person 0,211.00,239.04,  49
-1
 1,292.00,400.33,  94
person 0,211.00,239.41,  50
-1
 1,293.00,399.95,  94
person 0,210.00,238.36,  51
-1
person 0,210.00,238.56,  50
-1
 1,292.00,401.05,  95
person 0,210.00,237.55,  49
-1
 1,292.00,400.94,  95
person 0,209.00,237.12,  49
-1
person 0,209.00,237.05,  47
-1
person 0,209.00,236.19,  45
-1
person 0,208.00,236.06,  45
-1
person 0,209.00,236.02,  44
-1
person 0,210.00,235.48,  45
-1
person 0,210.00,234.59,  44
-1
 1,292.00,401.22,  94
person 0,211.00,234.63,  43
-1
person 0,211.00,233.79,  42
-1
 0,291.00,399.69,  94
-1
person 1,211.00,233.76,  42
 0,290.00,399.31,  93
-1
person 1,212.00,234.12,  43
person 0,212.00,233.20,  44
-1
person 0,213.00,233.87,  44
-1
 1,290.00,398.49,  93
person 0,213.00,233.65,  44
-1
 1,290.00,398.64,  93
person 0,213.00,233.43,  44
-1
 1,290.00,398.55,  92
 0,289.00,398.70,  92
-1
person 1,213.00,233.86,  43
 0,289.00,398.17,  92
-1
person 1,214.00,234.42,  43
 0,289.00,398.06,  92
-1
person 1,213.00,233.39,  42
 0,291.00,398.38,  93
-1
person 1,214.00,233.65,  42
 0,289.00,398.64,  93
-1
person 1,214.00,233.29,  43
 0,291.00,398.22,  93
-1
person 1,215.00,233.52,  42
 2,159.00,208.22,  53
 0,292.00,398.67,  94
-1
person 1,215.00,233.55,  41
 0,289.00,397.09,  93
-1
person 1,215.00,234.05,  40
 0,159.00,207.71,  53
-1
 1,290.00,398.12,  94
person 2,215.00,234.12,  39
 0,290.00,397.63,  94
-1
person 1,215.00,234.05,  40
 2,158.00,207.30,  52
 0,290.00,397.29,  94
-1
person 1,216.00,234.80,  40
 2,158.00,207.80,  52
 0,291.00,397.59,  94
-1
person 1,216.00,234.73,  40
 2,158.00,207.43,  53
 0,158.00,208.02,  52
-1
 1,290.00,396.47,  94
person 2,216.00,234.44,  39
 0,158.00,207.12,  52
-1
 1,291.00,398.12,  94
person 2,216.00,234.41,  40
person 0,217.00,235.32,  40
-1
 1,158.00,207.36,  52
person 0,217.00,235.48,  40
-1
 1,289.00,396.76,  93
 0,289.00,397.18,  93
-1
person 1,217.00,235.35,  41
 2,158.00,207.09,  51
 0,159.00,207.23,  51
-1
 1,290.00,396.77,  94
person 2,217.00,235.25,  41
person 0,217.00,235.22,  41
-1
person 0,217.00,235.79,  41
-1
 1,224.00,422.02,  85
 2,288.00,395.65,  94
 3,159.00,207.82,  51
person 0,217.00,236.19,  41
-1
 1,224.00,421.00,  83
 2,289.00,395.96,  94
 3,159.00,207.27,  51
 0,226.00,420.72,  82
-1
 1,158.00,207.37,  51
person 2,217.00,236.12,  41
person 0,217.00,236.36,  41
-1
 1,158.00,207.76,  51
 0,226.00,418.20,  82
-1
 1,290.00,397.37,  94
person 2,218.00,237.23,  41
 3,158.00,206.67,  51
 0,228.00,416.89,  82
-1
person 1,218.00,237.04,  41
 2,158.00,207.04,  51
 0,289.00,396.73,  93
-1
person 1,218.00,236.81,  42
 2,158.00,207.19,  51
 3,227.00,416.82,  84
 0,224.00,419.62,  83
-1
person 1,218.00,237.10,  41
 2,158.00,207.00,  51
 0,224.00,416.78,  85
-1
 1,157.00,206.89,  52
person 2,218.00,237.02,  42
 0,226.00,415.57,  85
-1
person 1,219.00,237.46,  42
 2,158.00,207.52,  51
person 0,219.00,237.03,  42
-1
 1,158.00,207.65,  52
 2,226.00,415.87,  87
 0,226.00,415.71,  89
-1
person 1,219.00,236.95,  41
 2,289.00,396.54,  94
 3,158.00,207.50,  51
person 0,219.00,236.72,  41
-1
 1,227.00,415.24,  86
person 0,220.00,236.57,  37
-1
 1,290.00,397.12,  94
 2,227.00,416.07,  86
person 0,220.00,236.86,  37
-1
 1,228.00,414.86,  87
 2,158.00,207.69,  51
person 0,220.00,237.06,  37
-1
 1,158.00,207.47,  51
 2,230.00,412.51,  88
person 0,220.00,236.84,  36
-1
 1,157.00,207.05,  50
 2,230.00,413.69,  86
person 0,220.00,236.39,  36
-1
 1,157.00,206.94,  51
 2,230.00,412.80,  86
 0,157.00,207.05,  51
-1
 1,231.00,413.54,  89
person 2,221.00,237.05,  36
 0,229.00,413.46,  90
-1
person 1,221.00,236.62,  36
 2,158.00,207.12,  52
 0,228.00,414.10,  89
-1
 1,157.00,206.49,  52
person 2,222.00,237.17,  36
 0,225.00,414.23,  88
-1
 1,157.00,206.19,  52
person 2,222.00,237.06,  35
 0,224.00,416.49,  87
-1
 1,158.00,206.97,  53
person 2,222.00,237.19,  36
 0,225.00,414.58,  88
-1
 1,158.00,206.86,  53
person 2,222.00,237.13,  35
 0,224.00,413.41,  86
-1
person 1,222.00,237.23,  36
person 0,222.00,236.90,  36
-1
 1,223.00,411.37,  86
person 0,223.00,237.83,  36
-1
 1,157.00,206.01,  53
 2,223.00,412.32,  83
 0,223.00,412.19,  85
-1
person 1,223.00,237.30,  35
 0,158.00,206.85,  53
-1
 1,223.00,411.80,  86
person 2,224.00,238.35,  35
 0,223.00,414.45,  85
-1
 1,158.00,206.57,  52
person 2,224.00,239.45,  34
 0,158.00,206.78,  53
-1
 1,223.00,411.41,  85
person 2,224.00,239.70,  34
 0,158.00,206.46,  53
-1
 1,222.00,410.01,  87
person 2,225.00,239.93,  33
 0,224.00,411.55,  86
-1
 1,157.00,205.58,  53
person 2,225.00,240.13,  33
 0,225.00,408.59,  85
-1
 1,158.00,206.65,  53
person 2,225.00,241.22,  34
 0,224.00,412.53,  87
-1
 1,158.00,206.30,  53
person 2,226.00,241.63,  34
 0,225.00,411.13,  87
-1
person 1,228.00,243.53,  34
 0,234.00,345.14,  86
-1
 1,225.00,410.28,  87
person 2,228.00,243.47,  34
 0,234.00,346.40,  87
-1
 1,223.00,410.22,  88
person 2,229.00,244.61,  34
 3,158.00,206.44,  53
 0,233.00,345.94,  87
-1
 1,224.00,405.52,  90
 2,158.00,205.72,  53
person 3,229.00,244.60,  34
 0,158.00,206.72,  53
-1
 1,226.00,408.10,  91
person 2,229.00,244.97,  34
 0,233.00,345.38,  85
-1
 1,158.00,206.72,  54
 2,226.00,410.40,  91
person 3,230.00,244.99,  34
 0,225.00,411.94,  89
-1
person 1,230.00,244.83,  33
 2,157.00,205.98,  55
 0,234.00,344.72,  85
-1
 1,224.00,408.37,  89
person 2,230.00,244.98,  33
 3,158.00,206.46,  54
 0,234.00,344.59,  86
-1
 1,224.00,409.12,  90
person 2,231.00,245.40,  33
 0,225.00,407.13,  90
-1
 1,233.00,344.47,  86
person 2,231.00,245.17,  34
 0,235.00,345.27,  86
-1
 1,224.00,407.53,  87
person 2,232.00,245.83,  33
 0,224.00,412.07,  88
-1
person 1,232.00,245.48,  34
 2,234.00,344.17,  86
 0,225.00,411.98,  90
-1
person 1,232.00,245.87,  33
 2,158.00,206.66,  54
 3,235.00,344.87,  87
person 0,232.00,246.22,  34
-1
 1,224.00,417.57,  91
 2,157.00,206.73,  54
person 0,233.00,246.65,  34
-1
 1,224.00,414.04,  91
 0,235.00,345.55,  88
-1
 1,225.00,414.51,  92
person 2,234.00,246.93,  34
person 0,235.00,247.55,  34
-1
 1,224.00,413.14,  90
 0,224.00,410.12,  90
-1
person 1,235.00,247.76,  34
 2,157.00,206.07,  54
 3,234.00,344.90,  87
person 0,235.00,247.49,  34
-1
 1,226.00,412.21,  91
 2,234.00,344.36,  87
 0,234.00,344.52,  87
-1
 1,224.00,412.68,  90
person 2,236.00,249.02,  34
 0,226.00,414.39,  90
-1
 1,158.00,206.57,  54
 2,235.00,344.63,  88
person 3,236.00,248.96,  34
person 0,237.00,248.08,  30
-1
 1,226.00,415.32,  90
 2,158.00,207.20,  54
person 0,237.00,247.95,  30
-1
person 0,238.00,248.83,  30
-1
person 0,238.00,248.65,  30
-1
 1,378.00,403.47,  14
person 0,238.00,248.50,  30
-1
 0,377.00,403.35,  14
-1
person 1,238.00,250.15,  32
person 0,238.00,250.05,  30
-1
person 0,239.00,251.26,  30
-1
person 0,240.00,250.79,  28
-1
person 0,240.00,250.83,  28
-1
 1,228.00,416.72,  88
person 0,240.00,250.91,  28
-1
person 0,241.00,252.05,  28
-1
 1,293.00,400.09,  95
person 0,241.00,251.84,  28
-1
 1,228.00,417.01,  93
 0,224.00,418.81,  92
-1
 1,158.00,206.53,  53
 0,227.00,415.98,  93
-1
 1,158.00,207.08,  53
 0,233.00,345.38,  88
-1
 1,225.00,415.20,  93
 2,158.00,206.96,  54
 0,226.00,415.40,  92
-1
 1,158.00,207.26,  54
 0,227.00,415.65,  91
-1
 1,158.00,207.24,  54
 0,228.00,415.65,  92
-1
 1,158.00,207.48,  54
 0,227.00,415.71,  92
-1
 1,158.00,207.86,  54
 0,226.00,418.69,  90
-1
 1,157.00,207.35,  54
 0,224.00,418.44,  93
-1
 1,157.00,207.63,  54
 0,226.00,417.90,  95
-1
 1,157.00,207.13,  54
 0,230.00,415.62,  94
-1
 1,157.00,207.26,  54
 0,230.00,414.78,  92
-1
 1,157.00,206.73,  54
 0,229.00,415.40,  92
-1
 1,157.00,207.44,  53
 0,228.00,415.59,  92
-1
 1,235.00,344.97,  89
 2,158.00,207.90,  54
 0,228.00,415.34,  92
-1
 1,158.00,207.86,  54
 0,228.00,417.83,  92
-1
 1,157.00,207.85,  54
 0,229.00,415.12,  94
-1
 1,157.00,207.13,  54
 0,291.00,401.69,  94
-1
 1,230.00,416.13,  94
 2,158.00,207.80,  55
 0,293.00,402.07,  95
-1
 1,230.00,413.43,  94
 2,158.00,207.40,  54
 0,229.00,415.96,  96
-1
 1,158.00,206.87,  55
 2,293.00,401.30,  95
 0,291.00,400.97,  94
-1
 1,229.00,415.31,  96
 2,158.00,207.55,  54
 0,290.00,399.93,  93
-1
 1,229.00,416.62,  96
 2,158.00,207.98,  54
 0,229.00,416.91,  94
-1
 1,290.00,400.15,  93
 2,158.00,206.62,  55
 0,290.00,399.91,  93
-1
 1,158.00,206.72,  54
 0,290.00,400.48,  93
-1
 1,159.00,207.30,  55
 0,230.00,415.23,  95
-1
 1,234.00,343.99,  90
 2,290.00,399.91,  93
 3,158.00,207.35,  55
 4,278.00,408.25,  61
 0,290.00,400.05,  94
-1
 1,158.00,207.64,  54
 2,230.00,413.88,  95
 3,235.00,343.80,  90
 0,290.00,400.17,  94
-1
 1,158.00,207.41,  55
 2,231.00,343.26,  64
 0,230.00,342.49,  63
-1
 1,292.00,400.01,  94
 2,158.00,207.46,  54
 0,231.00,342.06,  64
-1
 1,292.00,400.42,  94
 2,158.00,207.45,  54
 0,230.00,343.26,  63
-1
 1,292.00,400.51,  95
 2,158.00,207.66,  55
 0,292.00,400.46,  95
-1
 1,158.00,207.05,  54
 0,293.00,400.27,  94
-1
 1,158.00,207.38,  54
 0,230.00,342.83,  64
-1
 1,292.00,400.72,  95
 2,158.00,206.93,  55
 0,230.00,342.67,  63
-1
 1,291.00,400.32,  94
 2,158.00,208.05,  54
 0,230.00,342.32,  64
-1
 1,292.00,400.51,  94
 2,158.00,207.87,  55
 0,291.00,399.68,  94
-1
 1,158.00,207.34,  55
 0,230.00,342.96,  63
-1
 1,292.00,399.56,  95
 2,158.00,207.30,  55
 0,229.00,341.82,  63
-1
 1,293.00,400.54,  94
 2,158.00,207.08,  54
 0,293.00,400.56,  96
-1
 1,158.00,207.53,  53
 0,293.00,400.28,  97
-1
 1,158.00,207.05,  54
person 0,262.00,272.37,  28
-1
 1,293.00,400.68,  97
 2,158.00,207.29,  54
person 0,262.00,272.74,  27
-1
 1,292.00,399.64,  97
 2,158.00,207.73,  54
 0,292.00,400.56,  97
-1
 1,158.00,207.18,  54
person 0,263.00,273.72,  28
-1
 1,291.00,400.06,  97
 2,158.00,207.87,  54
person 0,263.00,273.88,  28
-1
 1,291.00,399.96,  97
 2,158.00,207.16,  54
person 0,263.00,273.89,  28
-1
 1,290.00,400.27,  95
 2,158.00,207.64,  54
person 0,263.00,273.99,  29
-1
 1,290.00,400.82,  96
 2,158.00,207.61,  54
person 0,263.00,274.19,  29
-1
 1,289.00,400.00,  96
 2,158.00,207.39,  54
person 0,264.00,274.84,  28
-1
 1,290.00,400.30,  95
 2,158.00,207.75,  54
person 0,264.00,274.93,  29
-1
 1,289.00,399.24,  96
 2,158.00,207.19,  54
 0,291.00,399.54,  96
-1
 1,158.00,207.05,  55
person 2,264.00,275.18,  29
 0,290.00,399.10,  95
-1
 1,158.00,207.35,  54
person 2,264.00,275.03,  28
person 0,265.00,275.79,  28
-1
 1,290.00,399.87,  95
 2,158.00,207.16,  54
 0,228.00,345.75,  62
-1
person 1,265.00,275.93,  27
 2,290.00,399.86,  94
 3,158.00,207.45,  54
person 0,265.00,275.82,  27
-1
 1,291.00,399.97,  95
 2,158.00,208.05,  55
person 0,265.00,275.89,  26
-1
 1,291.00,399.93,  95
 2,158.00,207.68,  54
person 0,265.00,276.18,  27
-1
 1,290.00,399.78,  95
 2,158.00,207.68,  54
person 0,266.00,276.96,  27
-1
 1,292.00,400.53,  95
 2,158.00,208.07,  54
person 0,266.00,277.03,  27
-1
 1,292.00,400.03,  94
 2,158.00,207.99,  54
person 0,266.00,277.06,  27
-1
 1,292.00,399.68,  97
 2,158.00,207.11,  54
person 0,266.00,277.09,  28
-1
 1,292.00,399.83,  99
 2,158.00,208.39,  54
person 0,267.00,278.14,  28
-1
 1,293.00,399.49,  99
 2,158.00,208.01,  54
 0,293.00,399.67,  98
-1
 1,158.00,207.76,  55
person 0,267.00,280.66,  35
-1
 1,292.00,398.16,  99
 2,158.00,208.32,  54
person 0,267.00,280.49,  37
-1
 1,293.00,398.39,  98
 2,158.00,207.45,  55
person 0,268.00,281.57,  37
-1
 1,294.00,399.65,  98
 2,157.00,207.30,  55
person 0,268.00,281.57,  36
-1
 1,293.00,398.79,  98
 2,158.00,208.02,  54
person 3,334.00,346.79,  18
person 0,334.00,346.83,  19
-1
 1,293.00,398.67,  98
 2,158.00,208.22,  54
person 3,268.00,281.45,  36
 0,293.00,399.37,  97
-1
 1,158.00,207.28,  55
 0,292.00,399.00,  96
-1
 1,158.00,208.01,  54
person 2,334.00,346.96,  20
person 0,335.00,347.66,  21
-1
 1,294.00,400.12,  97
 2,158.00,208.22,  54
 0,292.00,398.98,  98
-1
 1,158.00,208.05,  54
 0,292.00,399.58,  98
-1
 1,157.00,207.91,  54
 0,291.00,398.99,  96
-1
 1,158.00,208.76,  54
 0,292.00,399.35,  96
-1
 1,158.00,208.00,  54
person 2,272.00,288.08,  34
 0,290.00,398.67,  95
-1
 1,158.00,208.21,  54
 0,292.00,399.35,  97
-1
 1,158.00,207.63,  54
 0,291.00,399.37,  97
-1
 1,158.00,208.17,  54
person 0,274.00,290.48,  35
-1
 1,292.00,399.11,  98
 2,158.00,208.13,  53
 0,292.00,399.23,  96
-1
 1,158.00,208.34,  54
person 0,274.00,291.85,  35
-1
 1,293.00,399.10,  96
 2,158.00,208.51,  54
person 0,275.00,292.31,  35
-1
 1,295.00,399.86,  97
 2,158.00,208.20,  54
person 0,275.00,292.33,  36
-1
 1,296.00,399.82,  98
 2,158.00,208.17,  54
person 0,276.00,294.08,  35
-1
 1,295.00,399.65,  98
 2,158.00,207.96,  54
 0,295.00,399.68,  98
-1
 1,158.00,207.73,  54
person 0,276.00,293.64,  34
-1
 1,294.00,399.29,  98
 2,158.00,208.28,  54
 0,158.00,208.38,  54
-1
 0,158.00,208.42,  55
-1
 0,158.00,208.54,  54
-1
 0,158.00,207.85,  54
-1
 0,158.00,208.09,  54
-1
 0,158.00,208.08,  55
-1
 0,158.00,207.83,  55
-1
 0,158.00,207.82,  54
-1
person 0,319.00,330.37,  19
-1
 1,158.00,207.96,  55
 0,295.00,399.60,  95
-1
 1,158.00,208.49,  54
person 2,319.00,330.72,  19
 0,295.00,398.67,  95
-1
 1,158.00,207.91,  54
person 2,319.00,330.77,  20
 0,294.00,398.19,  94
-1
 1,158.00,207.99,  54
person 2,319.00,331.23,  20
 0,296.00,399.43,  92
-1
 1,158.00,208.58,  54
person 2,318.00,329.30,  20
 0,294.00,399.04,  92
-1
 1,158.00,208.09,  53
 0,294.00,398.18,  92
-1
 1,158.00,207.50,  54
 0,293.00,398.67,  91
-1
 1,158.00,208.02,  54
 0,294.00,399.67,  92
-1
 1,158.00,207.76,  54
 0,294.00,398.68,  92
-1
 1,158.00,207.87,  54
 0,294.00,399.00,  92
-1
 0,295.00,399.77,  92
-1
 1,158.00,208.20,  54
 0,295.00,400.17,  93
-1
 1,158.00,208.29,  54
 0,295.00,400.68,  93
-1
 0,295.00,400.45,  94
-1
 1,158.00,208.44,  54
 0,295.00,400.30,  94
-1
 1,158.00,207.94,  54
 0,296.00,400.34,  94
-1
 0,295.00,400.17,  95
-1
 1,158.00,208.03,  55
 0,295.00,399.58,  95
-1
 1,158.00,208.44,  55
 0,295.00,399.10,  95
-1
 0,295.00,398.51,  96
-1
 0,295.00,398.98,  97
-1
 1,158.00,208.02,  55
 0,158.00,208.23,  54
-1
 0,294.00,307.76,  26
-1
 1,158.00,207.78,  54
 0,296.00,400.03,  97
-1
 1,158.00,207.83,  54
 2,295.00,307.43,  26
 0,158.00,207.97,  55
-1
 1,296.00,307.71,  26
 0,296.00,399.13,  96
-1
 1,158.00,208.61,  54
 0,296.00,399.75,  96
-1
 0,295.00,399.47,  97
-1
 0,158.00,208.23,  55
-1
 0,157.00,207.61,  55
-1
 0,158.00,208.61,  54
-1
 0,295.00,400.78,  97
-1
 1,158.00,208.48,  54
 0,157.00,208.29,  53
-1
 0,158.00,207.96,  54
-1
 0,158.00,208.51,  55
-1
 0,158.00,208.53,  55
-1
 0,158.00,208.52,  55
-1
 0,158.00,208.18,  55
-1
 0,158.00,208.51,  55
-1
 0,158.00,208.05,  55
-1
 0,157.00,207.72,  55
-1
 0,158.00,208.04,  55
-1
 0,158.00,207.96,  55
-1
 0,158.00,208.32,  54
-1
 0,158.00,207.55,  55
-1
 0,158.00,208.11,  55
-1
 0,158.00,208.11,  55
-1
 0,158.00,208.04,  55
-1
 0,158.00,206.87,  55
-1
 0,157.00,207.23,  55
-1
 0,157.00,207.13,  55
-1
 0,231.00,345.77,  64
-1
 1,158.00,208.16,  54
 0,231.00,345.82,  64
-1
 1,158.00,208.34,  55
 0,158.00,207.98,  55
-1
 0,158.00,208.76,  55
-1
 0,158.00,208.30,  55
-1
 0,158.00,208.25,  54
-1
 0,158.00,207.99,  55
-1
 0,158.00,208.21,  54
-1
person 1,317.00,335.07,  37
 0,158.00,208.17,  54
-1
person 1,317.00,334.69,  36
 0,158.00,207.75,  55
-1
person 1,319.00,335.79,  38
person 0,319.00,335.64,  37
-1
person 0,319.00,336.41,  37
-1
person 0,320.00,336.60,  37
-1
person 0,321.00,337.05,  37
-1
 0,158.00,208.45,  54
-1
 0,158.00,208.11,  55
-1
 0,157.00,207.74,  54
-1
person 0,325.00,341.63,  40
-1
 0,158.00,207.81,  55
-1
person 1,326.00,342.80,  40
 0,293.00,400.53,  95
-1
person 0,327.00,345.99,  40
-1
person 0,327.00,345.99,  41
-1
 1,159.00,207.45,  54
person 0,328.00,347.23,  38
-1
 1,158.00,206.79,  54
person 0,328.00,348.29,  38
-1
person 0,329.00,349.66,  39
-1
 0,232.00,342.65,  63
-1
 1,158.00,208.03,  54
 0,158.00,207.47,  55
-1
 0,231.00,342.12,  63
-1
 1,158.00,207.46,  54
 0,158.00,207.65,  54
-1
 0,231.00,342.17,  64
-1
 1,158.00,207.49,  54
 0,231.00,342.29,  64
-1
 1,158.00,207.95,  54
 0,231.00,342.14,  64
-1
 1,158.00,208.01,  54
 0,231.00,342.69,  65
-1
 1,158.00,208.41,  54
 0,158.00,208.36,  55
-1
 0,158.00,207.30,  54
-1
 1,232.00,342.79,  65
 0,158.00,207.83,  54
-1
 1,232.00,342.64,  64
 0,158.00,208.33,  54
-1
 0,232.00,343.50,  65
-1
 1,158.00,208.39,  55
 0,232.00,343.79,  66
-1
 1,158.00,207.89,  55
 0,158.00,208.32,  54
-1
 0,231.00,343.57,  64
-1
 1,158.00,208.33,  54
 0,158.00,208.19,  54
-1
 0,158.00,208.03,  54
-1
 0,159.00,207.48,  54
-1
 0,158.00,207.39,  54
-1
 0,158.00,207.36,  54
-1
 0,158.00,207.37,  54
-1
 0,158.00,207.52,  54
-1
 0,159.00,208.09,  54
-1
 1,233.00,343.81,  65
 0,159.00,207.78,  55
-1
 1,232.00,342.83,  64
 0,158.00,208.19,  54
-1
 1,231.00,343.45,  64
 0,158.00,207.71,  54
-1
 1,231.00,343.25,  65
 0,158.00,207.54,  54
-1
 1,232.00,344.44,  65
 0,159.00,207.55,  54
-1
 1,232.00,343.68,  66
 0,232.00,344.01,  66
-1
 1,159.00,208.11,  54
 0,159.00,208.04,  54
-1
 1,232.00,344.67,  65
 0,158.00,207.09,  54
-1
 1,232.00,344.31,  66
 0,158.00,207.30,  54
-1
 1,231.00,344.90,  66
 0,158.00,207.39,  54
-1
 1,232.00,346.25,  66
 0,158.00,207.55,  54
-1
 1,232.00,345.79,  66
 0,158.00,207.09,  54
-1
 1,232.00,345.63,  67
 0,158.00,207.45,  55
-1
 1,231.00,345.27,  67
 0,158.00,207.95,  55
-1
 1,221.00,417.90,  84
 0,158.00,207.52,  54
-1
 1,231.00,346.28,  66
 0,158.00,208.51,  54
-1
 0,221.00,420.45,  87
-1
 1,158.00,207.96,  54
 0,158.00,208.39,  54
-1
 0,158.00,207.77,  55
-1
 0,158.00,208.20,  55
-1
 0,157.00,207.52,  55
-1
 0,157.00,207.70,  55
-1
 0,158.00,208.52,  54
-1
 0,158.00,207.99,  54
-1
 0,158.00,208.00,  55
-1
 0,158.00,207.75,  54
-1
 0,158.00,207.40,  54
-1
 0,158.00,207.33,  54
-1
 0,158.00,207.50,  54
-1
person 0,370.00,392.64,  40
-1
 1,158.00,207.50,  55
 0,158.00,207.49,  54
-1
 0,158.00,207.45,  54
-1
person 1,372.00,393.39,  42
 0,232.00,345.43,  65
-1
person 1,373.00,392.98,  40
 2,158.00,208.08,  54
 0,158.00,207.58,  54
-1
 1,232.00,346.85,  65
 0,231.00,345.62,  64
-1
person 1,374.00,393.70,  39
 2,158.00,208.41,  54
 0,231.00,346.11,  65
-1
person 1,375.00,395.77,  38
 2,157.00,207.47,  54
 0,158.00,208.52,  53
-1
 1,231.00,346.02,  65
 0,231.00,345.57,  65
-1
person 1,377.00,402.84,  40
 2,158.00,208.48,  53
 0,231.00,346.24,  65
-1
person 1,379.00,403.19,  40
 2,158.00,207.81,  54
 0,232.00,345.72,  65
-1
person 1,380.00,402.94,  39
 2,158.00,207.86,  55
 0,231.00,345.93,  66
-1
person 1,381.00,403.99,  41
 2,158.00,208.25,  54
 0,231.00,346.22,  65
-1
person 1,382.00,402.98,  39
 2,158.00,207.69,  54
 0,231.00,345.56,  67
-1
person 1,383.00,404.10,  40
 2,158.00,207.35,  54
 0,231.00,345.60,  65
-1
person 1,384.00,404.55,  40
 2,158.00,207.51,  54
 0,232.00,345.28,  66
-1
person 1,385.00,404.27,  40
 2,158.00,208.02,  54
 0,231.00,345.45,  66
-1
person 1,385.00,404.34,  40
 2,157.00,207.96,  54
 0,231.00,346.13,  66
-1
person 1,386.00,405.90,  40
 2,158.00,208.55,  54
person 0,386.00,406.60,  40
-1
 1,158.00,207.80,  54
 0,221.00,408.00,  82
-1
 1,157.00,207.75,  54
 2,294.00,398.77,  94
person 3,387.00,407.17,  40
 0,292.00,397.63,  93
-1
 1,157.00,207.94,  54
person 2,387.00,407.89,  39
 0,230.00,345.71,  65
-1
 1,294.00,398.63,  93
 2,158.00,208.62,  54
person 3,388.00,408.99,  38
 4,222.00,413.29,  84
 0,224.00,414.62,  86
-1
 1,294.00,399.20,  92
 2,158.00,208.50,  54
 0,294.00,398.55,  93
-1
 1,225.00,415.86,  85
 2,158.00,208.59,  54
 0,295.00,399.06,  92
-1
 1,224.00,415.08,  84
 2,158.00,208.29,  54
 0,223.00,418.60,  84
-1
 1,158.00,208.60,  54
 2,295.00,398.46,  92
 0,223.00,417.16,  84
-1
 1,293.00,398.09,  92
 2,158.00,208.46,  54
 0,224.00,416.26,  82
-1
 1,294.00,398.19,  93
 2,158.00,208.35,  55
 0,230.00,344.45,  65
-1
 1,223.00,416.93,  83
 2,293.00,398.05,  92
 3,159.00,208.72,  55
 0,222.00,418.60,  83
-1
 1,292.00,397.75,  91
 2,158.00,208.20,  55
 0,230.00,345.58,  65
-1
 1,293.00,397.89,  92
 2,223.00,416.07,  83
 3,158.00,208.50,  55
 0,231.00,345.24,  65
-1
 1,294.00,397.34,  92
 2,223.00,417.71,  84
 3,158.00,208.31,  54
 0,230.00,344.40,  65
-1
 1,295.00,398.03,  92
 2,159.00,208.17,  54
 0,296.00,398.37,  92
-1
 1,223.00,419.21,  83
 2,159.00,208.67,  54
 0,224.00,419.78,  84
-1
 1,158.00,207.83,  54
 2,295.00,397.32,  92
 0,231.00,344.35,  65
-1
 1,296.00,398.77,  92
 2,159.00,208.21,  55
 3,224.00,419.03,  84
 0,231.00,345.56,  64
-1
 1,295.00,398.61,  92
 2,158.00,208.46,  55
 3,224.00,417.52,  83
 0,231.00,346.18,  64
-1
 1,224.00,418.41,  85
 2,158.00,209.15,  54
 3,295.00,399.25,  92
 0,232.00,344.49,  65
-1
 1,296.00,398.93,  93
 2,158.00,208.28,  54
 0,231.00,344.86,  64
-1
 1,294.00,400.15,  92
 2,158.00,208.83,  54
 3,225.00,417.34,  88
 0,231.00,344.18,  64
-1
 1,225.00,417.91,  83
 2,293.00,399.41,  92
 3,158.00,209.16,  55
 0,231.00,345.54,  64
-1
 1,223.00,419.03,  86
 2,158.00,208.60,  55
 3,295.00,399.83,  92
 0,231.00,344.62,  65
-1
 1,295.00,399.66,  93
 2,158.00,208.89,  55
 3,222.00,420.69,  86
 0,231.00,344.95,  65
-1
 1,224.00,418.94,  86
 2,158.00,208.05,  54
 3,295.00,400.29,  92
 0,231.00,344.74,  65
-1
 1,226.00,416.35,  88
 2,294.00,399.61,  91
 3,158.00,208.25,  54
 0,231.00,344.16,  65
-1
 1,293.00,399.13,  91
 2,157.00,207.83,  54
 0,231.00,344.35,  65
-1
 1,295.00,399.41,  91
 2,158.00,208.24,  55
 3,223.00,417.80,  87
 0,231.00,344.14,  65
-1
 1,295.00,399.45,  91
 2,158.00,208.14,  55
 3,222.00,419.65,  88
 0,240.00,434.06,  91
-1
 1,294.00,398.51,  91
 2,158.00,209.15,  53
 0,295.00,399.32,  90
-1
 1,225.00,422.94,  90
 2,158.00,209.21,  54
 0,240.00,435.60,  92
-1
 1,295.00,399.90,  91
 2,158.00,209.02,  53
 0,293.00,399.79,  90
-1
 1,224.00,421.62,  90
 2,157.00,208.71,  53
 0,294.00,398.53,  91
-1
 1,226.00,420.32,  90
 2,158.00,208.56,  54
 0,295.00,400.05,  91
-1
 1,225.00,420.60,  89
 2,158.00,208.86,  54
 0,295.00,399.84,  90
-1
 1,226.00,422.67,  88
 2,158.00,208.66,  54
 0,295.00,398.82,  91
-1
 1,158.00,208.34,  54
 2,224.00,422.00,  86
 0,296.00,399.20,  91
-1
 1,224.00,421.36,  86
 2,158.00,208.84,  54
 0,225.00,420.36,  86
-1
 1,158.00,208.90,  55
 2,295.00,399.28,  91
person 3,410.00,425.79,  33
 0,296.00,399.47,  92
-1
 1,226.00,419.16,  88
 2,158.00,208.77,  54
 0,295.00,399.88,  91
-1
 1,158.00,208.81,  54
 2,226.00,420.64,  86
 0,232.00,344.25,  65
-1
 1,226.00,418.88,  87
 2,158.00,208.53,  54
 3,295.00,399.81,  91
 0,231.00,344.04,  65
-1
 1,296.00,399.42,  91
 2,158.00,208.78,  54
 3,225.00,420.22,  86
 0,231.00,344.75,  65
-1
 1,295.00,399.03,  91
 2,158.00,208.32,  55
 3,227.00,418.42,  85
 0,296.00,399.26,  91
-1
 1,158.00,208.48,  55
 2,225.00,422.01,  85
 0,231.00,344.48,  65
-1
 1,226.00,419.19,  87
 2,158.00,208.77,  54
 3,296.00,399.29,  91
 0,294.00,399.11,  91
-1
 1,158.00,208.33,  54
 2,225.00,418.87,  88
 3,231.00,344.90,  65
person 4,416.00,429.03,  28
 0,231.00,344.91,  65
-1
 1,224.00,419.08,  88
 2,158.00,208.83,  54
 3,294.00,399.27,  92
 0,232.00,344.58,  64
-1
 1,225.00,418.37,  90
 2,158.00,207.80,  54
 3,294.00,398.88,  92
 0,231.00,343.88,  65
-1
 1,293.00,399.62,  92
 2,158.00,208.51,  54
 3,225.00,418.40,  89
 0,232.00,344.96,  65
-1
 1,225.00,419.10,  87
 2,158.00,207.82,  55
 3,295.00,399.48,  91
 0,295.00,399.93,  91
-1
 1,225.00,419.10,  87
 2,158.00,208.39,  54
 0,226.00,418.07,  89
-1
 1,158.00,208.52,  54
 2,231.00,345.18,  65
 0,231.00,346.06,  65
-1
 1,223.00,420.73,  89
 2,158.00,208.01,  54
 3,296.00,399.78,  92
 0,231.00,346.21,  65
-1
 1,226.00,419.07,  90
 2,158.00,208.48,  55
 3,295.00,399.70,  91
 0,230.00,345.05,  64
-1
 1,224.00,419.32,  90
 2,158.00,208.28,  55
 3,296.00,399.24,  92
 0,231.00,344.94,  64
-1
 1,297.00,399.91,  92
 2,158.00,208.32,  54
 3,224.00,419.16,  90
 0,225.00,417.95,  90
-1
 1,158.00,207.60,  55
 2,298.00,400.08,  91
 3,231.00,344.71,  65
person 4,424.00,437.35,  28
 0,239.00,435.69,  89
-1
 1,158.00,208.15,  55
 2,297.00,399.59,  91
 3,231.00,345.01,  65
person 4,425.00,438.59,  29
 0,231.00,344.99,  64
-1
 1,239.00,434.52,  92
 2,158.00,207.93,  54
 3,296.00,399.74,  92
person 4,423.00,440.51,  30
 0,239.00,437.73,  90
-1
 1,158.00,207.95,  54
 2,297.00,399.82,  91
 3,232.00,345.10,  64
person 4,424.00,441.47,  30
 0,237.00,437.28,  88
-1
 1,158.00,208.58,  54
person 2,424.00,441.41,  31
 0,228.00,419.56,  88
-1
 1,158.00,208.49,  54
 2,296.00,399.03,  91
 3,232.00,343.98,  64
person 4,425.00,442.71,  32
 0,232.00,344.02,  64
-1
 1,297.00,398.38,  90
 2,158.00,208.35,  54
 3,237.00,436.66,  90
 0,298.00,399.50,  91
-1
 1,231.00,344.09,  64
 2,227.00,418.70,  85
 3,158.00,207.67,  54
person 4,426.00,444.04,  32
 0,297.00,399.67,  92
-1
 1,158.00,208.62,  55
 2,226.00,418.51,  85
 3,231.00,343.95,  65
person 4,426.00,444.12,  33
 0,227.00,417.91,  86
-1
 1,158.00,208.86,  54
 2,298.00,398.79,  91
 3,231.00,344.91,  65
person 4,427.00,445.12,  33
 0,231.00,344.33,  64
-1
 1,227.00,418.61,  86
 2,158.00,208.33,  54
 3,297.00,398.55,  91
person 4,428.00,445.89,  33
 0,227.00,420.58,  87
-1
 1,158.00,208.14,  54
 2,298.00,398.58,  91
 3,231.00,344.66,  65
person 4,428.00,446.54,  33
 0,232.00,345.26,  65
-1
 1,235.00,437.36,  92
 2,158.00,208.07,  54
 3,296.00,398.39,  92
person 4,429.00,447.48,  34
person 0,430.00,448.82,  34
-1
 1,235.00,436.41,  94
 2,158.00,208.30,  54
 3,299.00,399.47,  92
person 0,431.00,449.94,  34
-1
 1,227.00,418.44,  87
 2,158.00,208.98,  54
 3,231.00,344.77,  65
 4,298.00,399.31,  92
person 0,431.00,449.43,  34
-1
 1,237.00,437.21,  93
 2,158.00,208.58,  54
 3,298.00,399.19,  92
person 0,432.00,449.90,  35
-1
 1,237.00,437.26,  93
 2,158.00,208.73,  54
 3,232.00,345.16,  65
 4,297.00,399.63,  92
 0,158.00,208.75,  54
-1
 1,298.00,400.09,  92
 2,235.00,438.22,  91
person 3,432.00,450.13,  35
 0,157.00,208.17,  55
-1
 1,297.00,399.60,  92
 2,225.00,419.75,  85
person 3,432.00,450.29,  35
 0,158.00,209.26,  55
-1
 1,232.00,440.31,  89
person 2,434.00,453.58,  37
 0,231.00,344.74,  64
-1
 1,295.00,398.97,  92
 2,158.00,208.21,  54
 3,234.00,439.48,  90
person 4,434.00,454.26,  37
person 0,434.00,453.87,  37
-1
 1,232.00,440.41,  90
 2,159.00,208.89,  54
 0,158.00,208.32,  54
-1
 1,232.00,440.12,  91
person 2,434.00,455.02,  39
person 0,434.00,453.51,  41
-1
 1,234.00,438.47,  88
 2,159.00,208.63,  54
 0,224.00,420.97,  84
-1
 1,158.00,208.04,  55
person 2,434.00,453.91,  40
 0,231.00,441.37,  90
-1
 1,158.00,208.42,  54
person 2,434.00,454.00,  40
person 0,435.00,454.83,  40
-1
 1,223.00,423.84,  83
 2,158.00,208.34,  54
 3,231.00,345.39,  65
 0,230.00,441.62,  89
-1
 1,158.00,208.97,  54
person 2,435.00,455.59,  39
 0,230.00,441.59,  89
-1
 1,158.00,208.52,  54
person 2,435.00,455.78,  39
 0,222.00,422.14,  83
-1
 1,158.00,208.15,  54
person 2,435.00,455.47,  40
person 0,435.00,455.43,  40
-1
 1,231.00,441.57,  91
 2,158.00,208.48,  55
 0,233.00,440.54,  91
-1
 1,158.00,208.89,  54
person 2,435.00,455.43,  40
 0,232.00,439.35,  92
-1
 1,158.00,208.55,  53
 2,295.00,400.82,  91
person 3,435.00,455.52,  40
 0,232.00,440.31,  90
-1
 1,158.00,208.52,  54
person 2,435.00,455.92,  40
person 0,435.00,456.10,  40
-1
 1,233.00,438.15,  90
 2,158.00,207.45,  56
 3,295.00,401.03,  91
 0,231.00,440.11,  89
-1
 1,158.00,207.53,  55
person 2,436.00,457.25,  40
person 0,436.00,457.25,  40
-1
 1,232.00,438.94,  89
 2,159.00,208.31,  55
person 0,437.00,458.38,  40
-1
 1,231.00,440.05,  89
 2,159.00,208.37,  55
 0,231.00,439.69,  90
-1
 1,158.00,208.60,  55
person 2,437.00,458.23,  37
 0,222.00,425.09,  85
-1
 1,158.00,208.18,  54
person 2,438.00,459.22,  37
 0,231.00,344.55,  64
-1
 1,223.00,422.84,  85
 2,158.00,207.86,  54
person 3,438.00,458.82,  37
 0,230.00,440.95,  90
-1
 1,158.00,208.20,  55
person 2,438.00,458.63,  38
 0,231.00,441.60,  90
-1
 1,158.00,208.12,  55
person 2,439.00,459.63,  39
 0,220.00,424.96,  83
-1
 1,159.00,208.48,  54
person 2,439.00,460.03,  39
 0,232.00,344.75,  65
-1
 1,220.00,424.74,  83
 2,158.00,208.01,  55
person 3,439.00,460.42,  40
 0,221.00,424.79,  85
-1
 1,158.00,207.36,  54
 2,231.00,344.35,  65
person 3,439.00,460.47,  40
 0,220.00,424.56,  83
-1
 1,158.00,207.99,  55
 2,231.00,344.77,  64
person 3,439.00,460.24,  40
 0,231.00,344.68,  65
-1
 1,220.00,424.03,  84
 2,158.00,207.96,  55
person 3,439.00,460.13,  40
person 0,440.00,461.44,  40
-1
 1,219.00,426.27,  85
 2,158.00,207.76,  55
person 0,440.00,462.00,  42
-1
 1,221.00,425.45,  85
 2,158.00,207.90,  55
 0,231.00,345.50,  64
-1
 1,158.00,208.02,  55
 2,222.00,424.09,  86
person 3,440.00,461.99,  42
person 0,441.00,463.18,  42
-1
 1,232.00,438.56,  90
 2,158.00,208.24,  55
 3,231.00,344.21,  64
person 0,441.00,463.48,  42
-1
 1,232.00,439.29,  89
 2,158.00,207.42,  54
 3,231.00,345.87,  65
 0,231.00,344.04,  65
-1
 1,233.00,438.65,  90
 2,158.00,207.39,  55
person 3,441.00,464.03,  43
person 0,441.00,464.47,  44
-1
 1,233.00,439.29,  91
 2,158.00,207.85,  55
 3,231.00,344.53,  65
person 0,441.00,464.64,  44
-1
 1,234.00,439.07,  90
 2,158.00,207.79,  55
 3,231.00,344.78,  64
 0,231.00,343.42,  65
-1
 1,158.00,207.87,  55
 2,234.00,439.86,  90
person 3,441.00,465.39,  44
 0,232.00,344.36,  65
-1
 1,158.00,208.47,  55
 2,233.00,440.35,  89
person 3,441.00,465.48,  44
 0,158.00,208.17,  55
-1
 1,232.00,441.26,  90
person 2,441.00,465.41,  43
person 0,441.00,465.58,  43
-1
 1,232.00,441.79,  88
 2,157.00,207.79,  54
 3,231.00,344.40,  64
person 0,441.00,465.68,  44
-1
 1,232.00,440.64,  90
 2,158.00,208.29,  55
 3,231.00,344.19,  64
 0,231.00,345.22,  65
-1
 1,158.00,208.59,  55
 2,234.00,440.38,  90
person 3,441.00,465.83,  44
 0,231.00,345.68,  65
-1
 1,158.00,208.59,  53
 2,232.00,440.16,  93
person 3,441.00,466.20,  44
 0,231.00,345.33,  65
-1
 1,158.00,208.22,  54
 2,232.00,439.67,  92
person 3,441.00,466.30,  44
 0,158.00,208.53,  54
-1
 1,231.00,441.75,  93
person 2,442.00,465.33,  45
 0,230.00,344.89,  65
-1
person 1,442.00,465.72,  46
 2,230.00,441.00,  92
 3,157.00,207.51,  54
 0,231.00,345.18,  65
-1
 1,295.00,400.77,  91
 2,158.00,207.79,  54
 3,231.00,440.87,  91
person 4,442.00,466.22,  47
 0,231.00,346.40,  65
-1
 1,294.00,400.56,  91
 2,231.00,440.45,  90
 3,158.00,207.72,  54
person 4,442.00,466.14,  48
person 0,442.00,465.90,  48
-1
 1,232.00,439.83,  90
 2,158.00,207.63,  54
 0,158.00,208.40,  54
-1
 1,293.00,400.20,  91
 2,233.00,438.96,  90
person 3,442.00,465.97,  48
 0,158.00,208.07,  54
-1
 1,293.00,400.72,  92
 2,235.00,436.78,  91
person 3,442.00,465.79,  49
 0,231.00,347.34,  66
-1
 1,294.00,400.39,  91
 2,234.00,437.34,  90
 3,158.00,208.61,  54
person 4,442.00,465.98,  49
 0,231.00,346.41,  66
-1
 1,223.00,424.29,  86
 2,294.00,400.79,  91
 3,158.00,208.62,  54
person 4,442.00,466.22,  49
 0,231.00,346.81,  66
-1
 1,223.00,422.20,  84
 2,158.00,208.61,  54
person 3,442.00,466.35,  50
person 0,442.00,465.88,  49
-1
 1,235.00,436.13,  89
 2,158.00,208.47,  53
 3,223.00,422.94,  86
 4,231.00,345.52,  66
 5,293.00,399.95,  91
person 0,441.00,464.92,  50
-1
 1,223.00,422.12,  84
 2,158.00,208.17,  54
 3,232.00,344.16,  66
 4,294.00,399.59,  92
person 0,441.00,464.82,  49
-1
 1,235.00,436.42,  88
 2,158.00,207.81,  54
 3,223.00,422.91,  84
 4,231.00,344.51,  66
 0,232.00,345.28,  66
-1
 1,222.00,421.22,  85
 2,293.00,399.42,  91
 3,158.00,207.86,  54
 4,235.00,435.42,  90
person 5,441.00,464.62,  49
 0,222.00,421.72,  85
-1
 1,231.00,345.33,  66
 2,236.00,436.23,  90
 3,293.00,400.03,  90
 4,158.00,207.86,  54
person 5,441.00,464.76,  49
person 0,441.00,464.74,  49
-1
 1,293.00,399.44,  90
 2,158.00,208.13,  54
 3,231.00,343.83,  66
 4,223.00,419.89,  86
 0,232.00,344.69,  67
-1
 1,223.00,418.83,  86
person 2,440.00,464.65,  49
 3,158.00,208.23,  54
 4,238.00,433.76,  89
 0,232.00,345.27,  66
-1
 1,223.00,417.68,  85
person 2,440.00,465.17,  48
 3,295.00,399.21,  91
 4,158.00,207.62,  55
 0,231.00,344.63,  66
-1
 1,223.00,418.93,  85
 2,294.00,399.46,  92
person 3,439.00,464.37,  48
 4,158.00,207.59,  54
 0,232.00,344.17,  65
-1
 1,295.00,399.69,  92
 2,223.00,420.13,  86
 3,159.00,208.02,  54
person 4,439.00,463.99,  47
 0,231.00,343.48,  65
-1
 1,224.00,419.58,  86
 2,294.00,399.87,  92
person 3,439.00,464.24,  47
 4,158.00,207.01,  54
 0,232.00,344.42,  66
-1
 1,293.00,400.29,  92
 2,221.00,421.76,  86
 3,158.00,207.49,  54
person 4,438.00,463.07,  47
 0,231.00,344.06,  66
-1
 1,293.00,400.50,  92
 2,158.00,207.32,  54
person 3,438.00,463.33,  48
 4,222.00,420.82,  86
 0,231.00,344.94,  66
-1
 1,221.00,418.93,  85
person 2,438.00,463.65,  48
 3,292.00,400.59,  92
 4,158.00,207.25,  54
 0,232.00,345.37,  66
-1
 1,293.00,400.23,  92
 2,222.00,420.95,  85
 3,159.00,208.01,  55
person 4,438.00,463.84,  50
 0,232.00,344.31,  66
-1
 1,222.00,420.23,  85
 2,294.00,400.21,  92
 3,158.00,208.32,  54
person 4,438.00,462.26,  49
 0,223.00,418.65,  83
-1
 1,232.00,343.94,  65
person 2,438.00,462.12,  51
 3,158.00,207.56,  54
 4,239.00,432.24,  86
 0,231.00,342.76,  66
-1
 1,222.00,416.81,  84
 2,294.00,400.91,  92
person 3,437.00,461.36,  51
 4,159.00,207.71,  54
 0,222.00,420.01,  84
-1
 1,158.00,207.17,  53
 2,295.00,401.33,  91
person 3,437.00,461.36,  51
 0,221.00,417.85,  84
-1
 1,294.00,400.94,  91
 2,158.00,208.20,  53
person 3,436.00,460.95,  50
 0,294.00,401.11,  91
-1
 1,158.00,208.28,  54
person 2,436.00,460.52,  49
person 0,436.00,460.80,  49
-1
 1,293.00,400.06,  90
 2,158.00,208.08,  54
 3,223.00,420.70,  84
 4,232.00,344.66,  66
person 0,435.00,460.63,  48
-1
 1,294.00,400.70,  92
 2,158.00,207.37,  54
 3,222.00,418.99,  85
 4,232.00,343.76,  66
 5,237.00,435.14,  87
 0,235.00,436.24,  87
-1
 1,158.00,208.13,  54
 2,294.00,400.87,  92
person 3,434.00,460.86,  48
 0,232.00,345.31,  66
-1
 1,223.00,417.68,  85
 2,158.00,207.65,  54
 3,295.00,401.43,  92
person 4,434.00,461.30,  48
person 0,433.00,460.28,  48
-1
 1,232.00,440.33,  87
 2,158.00,207.59,  54
 0,231.00,344.49,  65
-1
 1,295.00,401.27,  92
 2,158.00,207.85,  54
 3,221.00,422.47,  84
person 4,433.00,460.12,  48
person 0,433.00,460.43,  48
-1
 1,235.00,436.83,  87
 2,158.00,207.44,  53
 3,232.00,344.84,  66
 4,296.00,401.85,  92
 0,232.00,346.12,  66
-1
 1,295.00,400.72,  92
 2,235.00,435.84,  86
 3,158.00,207.53,  53
person 4,433.00,460.34,  48
 0,232.00,345.36,  66
-1
 1,236.00,435.13,  86
 2,295.00,401.28,  91
 3,159.00,208.06,  54
person 4,432.00,459.95,  48
 0,221.00,419.15,  83
-1
 1,232.00,345.48,  66
person 2,431.00,458.41,  47
 3,294.00,401.07,  91
 4,158.00,207.36,  54
 0,232.00,344.30,  66
-1
person 1,431.00,458.31,  47
 2,295.00,401.03,  91
 3,221.00,420.17,  83
 4,158.00,207.40,  54
 0,233.00,343.97,  67
-1
 1,294.00,400.53,  92
 2,222.00,416.22,  83
 3,158.00,207.86,  54
person 4,431.00,457.77,  48
 0,235.00,345.24,  89
-1
 1,221.00,417.98,  84
 2,294.00,400.27,  92
person 3,427.00,455.13,  49
 4,158.00,207.63,  53
 0,235.00,345.32,  90
-1
 1,221.00,416.76,  82
 2,293.00,400.33,  92
person 3,427.00,455.21,  48
 4,158.00,207.72,  53
 0,233.00,343.92,  67
-1
 1,222.00,416.79,  81
 2,294.00,400.16,  92
person 3,427.00,455.05,  48
 4,158.00,207.36,  54
 0,234.00,344.20,  66
-1
 1,296.00,401.81,  92
 2,158.00,207.60,  53
person 3,426.00,454.19,  47
 0,233.00,344.49,  66
-1
 1,295.00,400.48,  92
 2,158.00,207.29,  53
person 3,426.00,453.73,  47
 0,233.00,343.74,  67
-1
 1,247.00,399.37,  62
 2,295.00,401.28,  92
person 3,426.00,453.07,  47
 4,158.00,206.92,  54
 0,233.00,345.48,  67
-1
 1,221.00,416.93,  81
 2,295.00,401.23,  92
person 3,424.00,451.99,  45
 4,158.00,207.61,  53
 0,232.00,345.31,  66
-1
 1,246.00,399.98,  62
 2,295.00,401.85,  92
person 3,421.00,451.65,  44
 4,158.00,207.83,  53
 0,232.00,344.45,  66
-1
 1,294.00,400.78,  92
person 2,420.00,450.54,  45
 3,158.00,208.15,  54
person 0,419.00,450.85,  46
-1
 1,158.00,207.32,  54
 2,232.00,344.52,  67
person 0,419.00,450.37,  45
-1
 1,295.00,401.91,  93
 2,158.00,207.94,  53
 3,233.00,344.65,  67
 0,159.00,207.50,  54
-1
 1,232.00,344.24,  67
person 2,419.00,449.60,  45
person 0,419.00,448.81,  45
-1
 1,159.00,207.80,  54
 2,234.00,345.98,  88
 0,232.00,345.95,  66
-1
person 1,418.00,448.91,  45
 2,159.00,208.92,  54
 0,234.00,346.25,  88
-1
person 1,417.00,448.75,  44
 2,159.00,208.56,  53
 3,221.00,413.40,  80
 0,234.00,344.99,  90
-1
person 1,417.00,447.68,  44
 2,294.00,401.95,  92
 3,158.00,207.96,  53
 0,234.00,345.77,  89
-1
 1,222.00,404.59,  81
 2,294.00,400.99,  92
 3,159.00,208.67,  55
person 4,406.00,449.43,  52
 0,234.00,346.77,  89
-1
 1,295.00,401.07,  92
 2,221.00,405.75,  80
 3,159.00,208.06,  54
person 4,410.00,442.68,  45
 0,234.00,345.21,  90
-1
person 1,401.00,420.03,  47
person 2,410.00,441.94,  45
 3,159.00,208.22,  54
 4,295.00,400.71,  93
 0,233.00,345.18,  91
-1
 1,220.00,409.96,  80
 2,159.00,207.59,  54
 3,294.00,400.06,  92
person 4,411.00,441.80,  45
 0,233.00,345.06,  91
-1
 1,159.00,208.13,  54
person 2,411.00,440.77,  44
 0,234.00,345.58,  90
-1
person 1,410.00,440.13,  44
 2,159.00,207.51,  54
 3,295.00,400.81,  92
 0,234.00,345.79,  90
-1
person 1,410.00,439.59,  43
 2,159.00,208.11,  54
 3,294.00,400.40,  92
 0,234.00,347.60,  89
-1
person 1,410.00,439.27,  42
 2,159.00,208.22,  55
 0,235.00,347.81,  90
-1
person 1,409.00,438.85,  43
 2,159.00,208.63,  54
 0,231.00,345.30,  66
-1
person 1,408.00,437.63,  42
 2,159.00,208.14,  54
person 0,408.00,437.64,  41
-1
 1,159.00,207.93,  55
 2,231.00,345.89,  66
person 0,408.00,437.28,  41
-1
 1,159.00,208.25,  54
 2,231.00,346.19,  65
 0,231.00,346.81,  65
-1
 1,159.00,208.04,  54
person 2,408.00,437.26,  42
 0,231.00,346.12,  66
-1
person 1,407.00,436.02,  41
 2,159.00,208.50,  54
 0,231.00,346.05,  66
-1
person 1,407.00,435.84,  45
 2,159.00,208.17,  54
person 0,407.00,436.29,  40
-1
 1,159.00,208.28,  54
 2,231.00,345.53,  65
person 0,407.00,435.94,  44
-1
 1,158.00,208.11,  54
 2,232.00,345.78,  66
person 0,407.00,435.84,  44
-1
 1,159.00,208.21,  55
 2,231.00,345.51,  66
 0,232.00,346.15,  66
-1
person 1,407.00,436.12,  44
 2,158.00,207.41,  54
 0,231.00,345.63,  66
-1
person 1,407.00,435.40,  44
 2,158.00,207.79,  54
 0,231.00,346.34,  66
-1
person 1,406.00,435.08,  44
 2,158.00,207.49,  55
 0,234.00,347.08,  89
-1
 1,222.00,411.60,  80
 2,158.00,207.87,  54
person 3,406.00,435.11,  44
person 0,406.00,435.17,  45
-1
 1,222.00,412.99,  82
 2,159.00,208.35,  54
 3,234.00,348.03,  89
 0,233.00,348.08,  88
-1
 1,158.00,208.22,  54
 2,221.00,413.99,  82
person 3,406.00,435.33,  44
 0,233.00,346.39,  89
-1
 1,222.00,413.80,  83
 2,158.00,208.18,  54
person 3,406.00,435.33,  44
 0,234.00,348.76,  89
-1
person 1,406.00,435.30,  45
 2,294.00,399.39,  91
 3,158.00,208.05,  54
 0,234.00,347.82,  89
-1
 1,157.00,208.07,  53
 2,221.00,415.64,  82
person 3,406.00,435.34,  44
 0,234.00,348.03,  89
-1
 1,221.00,412.27,  84
person 2,406.00,435.27,  44
 3,158.00,208.76,  53
 4,294.00,400.81,  91
person 0,406.00,435.25,  44
-1
 1,219.00,413.45,  84
 2,158.00,207.56,  53
 3,233.00,347.98,  89
 0,234.00,347.07,  88
-1
person 1,406.00,435.69,  44
 2,158.00,208.04,  54
 0,235.00,348.64,  89
-1
person 1,405.00,434.75,  44
 2,158.00,207.60,  54
 0,234.00,348.55,  88
-1
 1,220.00,409.61,  81
 2,158.00,207.53,  54
person 3,405.00,434.98,  44
 0,234.00,348.37,  88
-1
person 1,405.00,434.98,  44
 2,158.00,207.85,  54
 0,232.00,346.36,  66
-1
person 1,405.00,434.80,  44
 2,159.00,207.90,  54
 0,232.00,345.91,  66
-1
 1,159.00,208.16,  54
person 2,405.00,434.78,  44
 0,232.00,345.85,  66
-1
person 1,405.00,434.85,  44
 2,159.00,208.12,  54
 3,295.00,401.43,  94
 0,232.00,346.66,  67
-1
person 1,275.00,287.45,  20
 2,158.00,206.88,  54
person 3,405.00,434.88,  44
 0,231.00,346.00,  66
-1
person 1,274.00,286.28,  21
 2,158.00,207.04,  54
person 3,405.00,434.64,  44
 0,158.00,207.57,  53
-1
person 1,274.00,286.48,  21
person 2,405.00,434.88,  44
person 0,406.00,435.69,  44
-1
 1,294.00,400.39,  92
 2,158.00,207.05,  54
 3,231.00,346.24,  66
 0,231.00,346.19,  67
-1
person 1,405.00,434.57,  44
 2,159.00,207.63,  54
 0,231.00,346.27,  67
-1
 1,294.00,400.35,  93
person 2,406.00,435.41,  44
 3,158.00,207.57,  54
 0,235.00,349.54,  90
-1
 1,158.00,207.16,  55
person 2,405.00,434.45,  44
 0,235.00,349.51,  90
-1
person 1,405.00,434.49,  44
 2,158.00,207.24,  54
 3,293.00,400.63,  93
 0,234.00,349.15,  90
-1
 1,221.00,413.37,  79
 2,158.00,207.18,  55
person 3,405.00,434.67,  44
person 0,405.00,434.58,  44
-1
 1,158.00,207.72,  54
 2,230.00,346.52,  66
person 0,405.00,434.65,  44
-1
 1,158.00,207.90,  54
 2,231.00,347.64,  66
person 0,405.00,434.40,  44
-1
 1,158.00,207.73,  54
 2,232.00,346.32,  67
person 0,405.00,434.28,  43
-1
 1,158.00,207.92,  54
 2,231.00,345.76,  67
 0,231.00,346.05,  66
-1
 1,158.00,208.02,  54
person 2,405.00,434.26,  43
person 0,405.00,434.45,  44
-1
 1,158.00,207.79,  54
 2,231.00,346.27,  67
