-1
0,1202,1292,1101,1287
1,1455,1552,1075,1264
2,1304,1411,1152,1304
3,1323,1393,1157,1237
-1
0,1203,1293,1103,1284
1,1452,1550,1077,1263
2,1303,1410,1154,1304
3,1323,1393,1158,1237
-1
0,1205,1292,1104,1279
1,1448,1545,1075,1265
2,1303,1410,1154,1303
-1
0,1205,1286,1089,1255
1,1446,1539,1074,1266
2,1304,1411,1156,1300
3,1323,1393,1158,1237
-1
0,1324,1393,1158,1238
1,1206,1285,1089,1255
2,1445,1540,1072,1262
3,1302,1410,1157,1299
-1
0,1209,1282,1089,1252
1,1301,1409,1157,1299
2,1445,1538,1074,1258
3,1226,1313,1111,1276
-1
0,1210,1282,1089,1252
1,1303,1410,1157,1299
2,1226,1313,1113,1273
3,1424,1514,1070,1260
4,1324,1394,1159,1239
-1
0,1212,1281,1087,1254
1,1424,1512,1069,1263
2,1302,1407,1156,1299
3,1225,1314,1112,1274
-1
0,1210,1280,1087,1253
1,1425,1511,1070,1260
2,1302,1406,1156,1300
-1
0,1209,1281,1088,1249
1,1426,1512,1071,1250
2,1301,1406,1156,1300
3,1324,1394,1158,1238
-1
0,1426,1515,1068,1253
1,1208,1280,1086,1253
2,1301,1406,1156,1300
-1
0,1301,1405,1155,1300
1,1426,1513,1071,1252
2,1208,1282,1085,1256
-1
0,1426,1508,1070,1250
1,1206,1283,1086,1255
2,1302,1404,1154,1300
3,1226,1317,1111,1278
-1
0,1427,1508,1069,1249
1,1206,1285,1087,1254
2,1302,1405,1155,1300
3,1222,1319,1112,1278
-1
0,1303,1403,1152,1302
1,1223,1318,1112,1279
2,1424,1506,1069,1250
3,1203,1286,1086,1255
-1
0,1303,1403,1153,1300
1,1424,1505,1070,1249
2,1205,1286,1087,1256
-1
0,1306,1403,1154,1300
1,1422,1503,1071,1246
2,1203,1285,1102,1282
-1
0,1419,1502,1068,1239
1,1305,1402,1155,1299
2,1203,1283,1102,1283
-1
0,1303,1403,1155,1299
1,1418,1503,1066,1241
2,1203,1281,1098,1286
-1
0,1420,1498,1069,1238
1,1305,1403,1154,1299
2,1202,1278,1101,1283
-1
0,1203,1279,1101,1284
1,1304,1402,1156,1297
2,1415,1492,1068,1239
-1
0,1412,1493,1066,1240
1,1303,1402,1155,1297
2,1203,1279,1099,1285
-1
0,1411,1482,1067,1240
1,1303,1401,1155,1297
2,1325,1388,1157,1241
3,1203,1278,1101,1284
-1
0,1408,1477,1070,1239
1,1302,1401,1156,1295
2,1326,1388,1159,1238
3,1203,1276,1102,1284
-1
0,1407,1479,1067,1238
1,1304,1401,1157,1294
2,1325,1389,1158,1238
3,1205,1275,1105,1283
-1
0,1403,1471,1067,1237
1,1302,1401,1159,1293
2,1326,1388,1158,1240
3,1206,1273,1105,1283
-1
0,1301,1401,1159,1293
1,1327,1391,1159,1238
2,1207,1273,1103,1283
3,1400,1470,1067,1235
-1
0,1299,1402,1160,1294
1,1325,1390,1160,1240
2,1394,1469,1065,1236
3,1204,1275,1102,1284
-1
0,1201,1274,1102,1285
-1
0,1395,1469,1065,1236
1,1299,1402,1159,1295
2,1325,1390,1159,1238
-1
0,1202,1273,1102,1286
-1
0,1390,1465,1070,1234
1,1297,1401,1161,1293
2,1326,1392,1159,1238
-1
0,1298,1397,1160,1295
1,1327,1389,1159,1238
2,1204,1270,1103,1286
-1
0,1389,1460,1067,1236
-1
0,1300,1400,1161,1296
1,1327,1392,1160,1237
2,1678,1780,1133,1326
3,1385,1456,1067,1237
4,1203,1271,1103,1288
-1
0,1383,1456,1069,1236
1,1300,1400,1159,1296
2,1328,1391,1159,1237
3,1203,1271,1103,1289
-1
0,1202,1269,1103,1292
-1
0,1300,1398,1159,1298
1,1385,1460,1070,1232
2,1673,1779,1130,1327
3,1330,1391,1159,1236
-1
0,1302,1400,1158,1299
-1
0,1330,1392,1159,1234
1,1664,1775,1129,1331
2,1200,1270,1103,1297
-1
0,1664,1775,1127,1332
1,1330,1392,1160,1234
2,1198,1270,1104,1299
-1
0,1302,1399,1157,1301
-1
0,1303,1400,1157,1300
-1
0,1629,1739,1129,1346
1,1332,1392,1160,1235
2,1198,1271,1104,1301
-1
0,1303,1400,1155,1301
-1
0,1332,1392,1159,1234
1,1626,1741,1132,1348
2,1198,1274,1105,1303
-1
0,1622,1744,1125,1345
1,1304,1401,1154,1303
2,1197,1279,1107,1301
-1
0,1618,1743,1127,1344
-1
0,1303,1404,1155,1306
1,1197,1280,1110,1298
-1
0,1618,1742,1125,1340
-1
0,1304,1401,1153,1306
1,1196,1279,1111,1301
-1
0,1195,1282,1112,1299
-1
0,1303,1402,1152,1305
-1
0,1193,1283,1111,1303
-1
0,1303,1404,1153,1306
-1
0,1194,1284,1109,1305
-1
0,1304,1400,1151,1309
-1
0,1195,1285,1108,1308
-1
0,1304,1399,1152,1309
1,1616,1736,1126,1340
-1
0,1195,1283,1112,1304
-1
0,1304,1396,1148,1311
1,1620,1735,1125,1342
-1
0,1192,1285,1112,1305
-1
0,1305,1397,1148,1311
1,1620,1730,1129,1339
-1
0,1190,1287,1110,1309
-1
0,1305,1397,1151,1312
-1
0,1190,1287,1110,1313
-1
0,1338,1403,1058,1208
1,1304,1398,1153,1312
-1
0,1188,1289,1120,1333
-1
0,1304,1396,1149,1312
1,1332,1400,1058,1204
-1
0,1305,1398,1151,1315
1,1184,1290,1116,1340
-1
0,1186,1292,1117,1344
-1
0,1305,1397,1148,1315
-1
0,1307,1396,1147,1313
1,1186,1291,1123,1346
-1
0,1329,1396,1059,1207
-1
0,1326,1396,1058,1209
1,1184,1295,1123,1350
-1
0,1317,1386,1063,1208
-1
0,1303,1390,1148,1314
1,1184,1295,1127,1354
-1
0,1316,1389,1063,1207
1,1304,1392,1150,1313
2,1184,1296,1128,1354
-1
0,1301,1391,1149,1312
1,1187,1290,1129,1353
-1
0,1308,1380,1064,1205
1,1300,1391,1153,1311
-1
0,1188,1290,1131,1351
-1
0,1298,1391,1154,1308
1,1191,1287,1130,1350
-1
0,1299,1391,1153,1310
1,1189,1287,1132,1351
-1
0,1298,1391,1153,1309
1,1192,1289,1133,1354
-1
0,1299,1390,1151,1310
1,1188,1290,1133,1354
-1
0,1298,1391,1152,1307
1,1187,1288,1132,1354
-1
0,1186,1291,1131,1353
-1
0,1300,1393,1155,1304
-1
0,1302,1390,1150,1308
1,1187,1294,1133,1362
-1
0,1303,1391,1149,1307
1,1282,1352,1063,1203
2,1191,1292,1135,1364
-1
0,1192,1295,1149,1374
1,1277,1354,1065,1202
-1
0,1193,1294,1149,1376
-1
0,1275,1353,1066,1202
-1
0,1195,1296,1151,1378
-1
0,1266,1351,1065,1202
1,1197,1298,1155,1378
-1
0,1266,1350,1067,1200
1,1197,1297,1150,1381
-1
0,1256,1353,1069,1194
1,1197,1299,1161,1377
-1
0,1205,1321,1149,1393
-1
0,1200,1325,1147,1398
-1
0,1246,1341,1075,1243
1,1200,1326,1155,1398
-1
0,1199,1331,1159,1398
-1
0,1250,1340,1069,1201
-1
0,1250,1334,1078,1241
1,1262,1323,1074,1179
2,1199,1328,1154,1400
-1
0,1259,1318,1073,1185
1,1202,1332,1160,1400
-1
0,1254,1311,1074,1181
1,1205,1329,1153,1406
-1
0,1237,1318,1077,1239
1,1254,1310,1075,1184
2,1208,1334,1153,1405
-1
0,1254,1308,1074,1183
1,1213,1337,1153,1412
-1
0,1249,1302,1075,1185
1,1234,1313,1077,1236
2,1328,1387,1157,1239
3,1220,1339,1164,1437
-1
0,1227,1345,1160,1451
-1
0,1330,1389,1156,1240
1,1232,1311,1075,1236
2,1220,1368,1164,1437
-1
0,1228,1308,1077,1235
1,1473,1574,1117,1284
2,1329,1390,1156,1239
3,1225,1378,1172,1436
-1
0,1228,1304,1078,1239
1,1238,1359,1170,1454
-1
0,1229,1302,1079,1239
1,1239,1362,1172,1453
-1
0,1242,1365,1178,1450
-1
0,1225,1299,1081,1243
1,1324,1389,1157,1237
-1
0,1242,1370,1186,1444
-1
0,1209,1281,1081,1253
1,1323,1390,1157,1233
-1
0,1320,1393,1155,1228
1,1204,1285,1082,1257
2,1244,1370,1191,1441
-1
0,1201,1282,1081,1254
1,1321,1391,1154,1231
2,1248,1372,1181,1457
-1
0,1255,1375,1192,1445
-1
0,1199,1282,1080,1262
1,1319,1390,1156,1230
-1
0,1201,1278,1082,1259
1,1322,1392,1156,1231
2,1263,1376,1192,1449
-1
0,1270,1370,1200,1431
1,1318,1391,1156,1232
2,1191,1278,1082,1264
-1
0,1272,1436,1168,1445
1,1321,1388,1156,1233
2,1190,1274,1080,1271
-1
0,1288,1398,1205,1431
1,1187,1277,1079,1274
-1
0,1293,1401,1191,1449
1,1323,1389,1155,1237
2,1182,1278,1079,1275
-1
0,1172,1277,1074,1281
-1
0,1289,1406,1207,1464
1,1326,1389,1158,1240
-1
0,1296,1414,1212,1471
-1
0,1171,1274,1072,1282
1,1325,1386,1158,1244
-1
0,1183,1264,1089,1286
-1
0,1282,1456,1199,1485
-1
0,1180,1263,1090,1289
1,1278,1456,1201,1494
-1
0,1276,1467,1211,1493
-1
0,1175,1260,1089,1294
1,1303,1405,1156,1301
2,1323,1392,1160,1242
-1
0,1170,1258,1088,1297
1,1323,1392,1161,1240
2,1304,1405,1154,1302
3,1281,1477,1224,1492
-1
0,1291,1490,1220,1493
-1
0,1301,1409,1156,1309
1,1170,1260,1092,1297
-1
0,1298,1500,1224,1492
-1
0,1300,1409,1157,1310
1,1169,1258,1097,1295
-1
0,1306,1408,1156,1310
1,1310,1496,1234,1496
2,1167,1255,1099,1297
-1
0,1307,1408,1156,1307
1,1316,1498,1241,1494
2,1166,1254,1103,1297
-1
0,1332,1512,1242,1493
-1
0,1308,1401,1152,1304
1,1164,1254,1102,1301
-1
0,1164,1256,1103,1305
-1
0,1304,1395,1151,1306
1,1341,1525,1243,1490
-1
0,1302,1397,1151,1305
1,1350,1528,1247,1489
2,1165,1258,1104,1306
-1
0,1304,1397,1151,1307
1,1353,1527,1252,1491
2,1164,1259,1103,1308
-1
0,1163,1258,1103,1311
-1
0,1304,1396,1151,1305
1,1381,1519,1251,1510
-1
0,1304,1401,1150,1303
1,1386,1520,1248,1515
2,1163,1259,1104,1311
-1
0,1375,1541,1252,1514
1,1305,1404,1151,1302
2,1163,1258,1104,1313
-1
0,1383,1547,1252,1532
1,1304,1404,1152,1303
2,1162,1258,1105,1313
-1
0,1407,1580,1265,1554
1,1304,1404,1153,1302
2,1159,1261,1105,1317
-1
0,1155,1263,1105,1319
1,1300,1402,1153,1302
2,1411,1596,1259,1568
-1
0,1298,1402,1152,1300
1,1413,1612,1265,1578
-1
0,1152,1265,1105,1320
-1
0,1300,1400,1153,1300
1,1416,1635,1271,1582
-1
0,1150,1261,1106,1321
-1
0,1301,1403,1152,1299
1,1428,1641,1272,1584
-1
0,1150,1263,1106,1320
-1
0,1303,1402,1151,1300
1,1436,1652,1270,1591
-1
0,1149,1257,1107,1321
-1
0,1303,1400,1152,1300
1,1444,1664,1268,1599
-1
0,1152,1245,1120,1326
-1
0,1456,1673,1272,1592
-1
0,1149,1245,1120,1327
1,1303,1399,1153,1300
-1
0,1466,1673,1272,1590
-1
0,1152,1241,1128,1327
1,1305,1397,1151,1300
-1
0,1483,1672,1272,1579
-1
0,1156,1242,1131,1327
1,1305,1395,1153,1301
-1
0,1154,1242,1135,1331
1,1305,1396,1153,1299
2,1502,1669,1274,1579
-1
0,1157,1242,1138,1330
1,1305,1398,1153,1300
2,1507,1679,1274,1579
-1
0,1306,1402,1155,1299
1,1157,1244,1136,1331
2,1515,1682,1273,1582
-1
0,1304,1399,1154,1301
1,1157,1243,1136,1333
2,1526,1692,1273,1593
-1
0,1304,1400,1152,1303
1,1155,1243,1135,1339
2,1536,1696,1284,1588
-1
0,1304,1401,1153,1302
1,1152,1245,1137,1346
2,1562,1722,1295,1586
-1
0,1153,1248,1140,1342
1,1304,1401,1152,1304
2,1560,1758,1304,1578
-1
0,1563,1783,1303,1580
1,1304,1402,1151,1304
2,1154,1250,1141,1343
-1
0,1305,1403,1152,1303
1,1155,1255,1141,1346
2,1563,1822,1299,1580
-1
0,1305,1399,1151,1306
1,1156,1251,1143,1347
2,1570,1848,1295,1589
-1
0,1159,1256,1144,1346
1,1580,1869,1296,1589
-1
0,1305,1397,1150,1306
-1
0,1306,1400,1149,1306
1,1161,1266,1146,1344
2,1592,1886,1297,1596
-1
0,1303,1398,1149,1308
1,1160,1269,1145,1344
2,1598,1885,1303,1596
-1
0,1302,1395,1150,1308
1,1158,1249,1160,1376
-1
0,1599,1891,1299,1599
-1
0,1302,1395,1148,1311
1,1160,1254,1163,1374
-1
0,1606,1889,1306,1607
-1
0,1156,1259,1169,1370
1,1620,1890,1308,1604
-1
0,1301,1395,1148,1307
1,1158,1264,1172,1373
2,1681,1903,1312,1581
-1
0,1303,1393,1147,1307
1,1162,1261,1177,1377
2,1696,1890,1308,1583
-1
0,1161,1264,1181,1374
-1
0,1304,1392,1147,1307
1,1717,1894,1306,1585
-1
0,1746,1919,1305,1579
-1
0,1159,1271,1183,1373
-1
0,1158,1277,1181,1372
-1
0,1753,1947,1300,1585
-1
0,1748,1954,1296,1591
1,1155,1278,1177,1367
-1
0,1763,1966,1294,1587
1,1122,1308,1156,1400
-1
0,1775,1980,1299,1585
1,1122,1307,1158,1399
-1
0,1298,1397,1145,1307
1,1779,1999,1298,1581
2,1121,1307,1158,1397
-1
0,1123,1309,1158,1396
1,1296,1397,1145,1306
2,1774,2033,1299,1581
-1
0,1120,1306,1159,1396
1,1296,1396,1146,1307
2,1798,2078,1307,1580
-1
0,1146,1270,1192,1366
1,1296,1397,1146,1306
2,1798,2084,1304,1583
-1
0,1145,1272,1187,1366
1,1299,1398,1145,1307
2,1802,2086,1304,1578
-1
0,1301,1397,1147,1304
1,1151,1250,1215,1384
2,1802,2091,1305,1577
-1
0,1299,1398,1147,1305
1,1143,1266,1181,1371
2,1800,2089,1303,1574
-1
0,1095,1226,1229,1382
1,1301,1398,1147,1304
2,1807,2090,1300,1572
-1
0,1095,1226,1227,1382
1,1301,1398,1146,1305
2,1828,2092,1301,1572
-1
0,1301,1399,1146,1305
-1
0,1087,1228,1226,1384
1,1856,2099,1300,1574
-1
0,1081,1228,1229,1382
1,1300,1397,1147,1304
2,1891,2097,1296,1572
-1
0,1300,1395,1147,1307
1,1916,2103,1286,1565
-1
0,1082,1225,1223,1382
1,1323,1389,1156,1235
2,1301,1396,1148,1305
3,1932,2108,1281,1559
-1
0,1300,1395,1147,1305
1,1322,1387,1156,1233
2,1081,1225,1227,1381
3,1936,2111,1278,1558
-1
0,1087,1218,1227,1381
1,1322,1388,1156,1235
2,1299,1396,1147,1305
3,1946,2118,1270,1557
-1
0,1299,1396,1148,1306
1,1322,1387,1156,1234
2,1946,2125,1265,1558
-1
0,1300,1396,1149,1305
1,1947,2128,1261,1561
-1
0,1299,1397,1150,1306
1,1323,1388,1157,1237
2,1948,2133,1260,1563
-1
0,1954,2137,1259,1565
-1
0,1297,1396,1150,1304
1,1238,1315,1074,1241
2,1321,1388,1157,1236
-1
0,1234,1313,1073,1245
1,1300,1396,1148,1305
2,1960,2143,1256,1566
-1
0,1237,1311,1071,1248
1,1300,1396,1148,1306
2,1961,2149,1253,1568
-1
0,1234,1309,1069,1248
1,1301,1397,1148,1306
2,1100,1194,1202,1354
3,1323,1388,1156,1235
4,1963,2150,1250,1570
-1
0,1233,1307,1070,1247
1,1098,1189,1201,1354
2,1301,1398,1149,1306
3,1322,1387,1155,1234
4,1992,2160,1251,1568
-1
0,1228,1307,1067,1252
1,1301,1398,1148,1306
2,1096,1184,1201,1355
3,1322,1387,1155,1234
4,1997,2159,1250,1568
-1
0,1226,1305,1068,1247
1,1299,1400,1149,1306
2,1080,1208,1225,1384
3,1320,1387,1155,1234
4,2008,2158,1238,1549
-1
0,1225,1306,1068,1244
1,1093,1186,1203,1354
2,1299,1398,1149,1305
3,1320,1387,1154,1233
4,2017,2158,1237,1543
-1
0,1223,1307,1068,1244
1,1094,1188,1202,1354
2,1299,1400,1149,1308
3,1320,1388,1154,1233
-1
0,2026,2163,1238,1539
-1
0,1096,1191,1202,1357
1,1220,1307,1068,1246
2,1300,1398,1149,1307
3,1320,1388,1154,1233
4,2031,2170,1232,1526
-1
0,1098,1191,1202,1356
1,1219,1309,1069,1251
2,1300,1400,1148,1308
3,1320,1388,1153,1231
4,2041,2175,1234,1516
-1
0,1219,1306,1069,1254
1,1099,1192,1202,1355
2,1301,1400,1149,1305
3,1319,1385,1153,1230
4,2041,2187,1225,1494
-1
0,1094,1194,1202,1355
1,1221,1303,1071,1255
2,1300,1401,1150,1305
3,1319,1386,1154,1230
4,2044,2193,1220,1490
-1
0,1095,1194,1203,1354
1,1221,1301,1074,1254
2,1302,1401,1151,1305
3,1319,1385,1153,1231
4,2047,2197,1215,1489
-1
0,1206,1284,1070,1258
1,1092,1195,1204,1354
2,1302,1403,1151,1305
3,1317,1385,1154,1232
-1
0,2051,2199,1206,1486
-1
0,1207,1283,1072,1256
1,1093,1194,1204,1354
2,1302,1403,1151,1305
3,1318,1386,1154,1231
-1
0,2059,2184,1222,1476
-1
0,1092,1198,1204,1353
1,1222,1303,1075,1254
2,1301,1402,1150,1305
3,1318,1386,1154,1230
4,2058,2183,1232,1471
-1
0,1205,1283,1073,1254
1,1093,1200,1203,1354
2,1301,1402,1150,1305
3,1318,1386,1154,1231
4,2051,2197,1200,1491
-1
0,1196,1285,1088,1302
1,1093,1196,1203,1353
2,1301,1400,1148,1305
3,1318,1384,1154,1230
4,2062,2182,1225,1474
-1
0,1203,1285,1073,1265
1,1302,1403,1149,1307
2,1093,1198,1202,1356
3,1318,1386,1154,1230
4,2055,2198,1197,1492
-1
0,1203,1285,1072,1264
1,1301,1403,1150,1305
2,1093,1198,1202,1356
3,1317,1385,1154,1230
4,2065,2178,1218,1475
-1
0,1203,1285,1073,1260
1,1302,1403,1150,1306
2,1317,1385,1153,1230
3,1095,1197,1201,1357
4,2064,2180,1221,1472
-1
0,1204,1285,1073,1262
1,1302,1403,1149,1307
2,1096,1199,1201,1356
3,1318,1387,1153,1230
4,2067,2182,1221,1470
-1
0,1203,1283,1073,1260
1,1303,1403,1149,1307
2,1095,1198,1200,1356
3,1318,1386,1154,1230
4,2069,2180,1220,1465
-1
0,1204,1280,1073,1260
1,1095,1196,1200,1356
2,1319,1386,1154,1230
3,1303,1401,1149,1306
4,2071,2180,1218,1462
-1
0,1202,1281,1071,1265
1,1318,1385,1153,1230
2,1094,1193,1200,1355
3,1303,1401,1149,1306
4,2071,2181,1222,1454
-1
0,1203,1280,1071,1266
1,1094,1194,1201,1355
2,1319,1385,1153,1231
3,1304,1402,1149,1306
4,2072,2183,1223,1442
-1
0,1203,1281,1071,1267
1,1096,1192,1199,1355
2,1320,1385,1153,1231
3,1304,1400,1150,1307
4,2071,2184,1216,1426
-1
0,1200,1278,1072,1269
1,1096,1196,1199,1356
2,1320,1386,1153,1231
3,1304,1402,1149,1306
4,2071,2185,1214,1424
-1
0,1198,1277,1074,1268
1,1320,1386,1153,1231
2,1097,1191,1199,1356
3,1305,1404,1150,1306
4,2071,2184,1207,1420
-1
0,1096,1192,1199,1356
1,1320,1385,1154,1231
2,1198,1277,1076,1268
3,1304,1403,1150,1304
4,2070,2181,1203,1419
-1
0,1320,1384,1154,1231
1,1097,1195,1199,1357
2,1303,1401,1149,1305
3,1194,1274,1090,1297
4,2070,2176,1203,1416
-1
0,1321,1386,1155,1232
1,1304,1402,1148,1306
2,1098,1197,1199,1358
3,1192,1273,1091,1300
4,2071,2174,1202,1414
-1
0,2071,2172,1201,1412
-1
0,1303,1401,1148,1307
1,1322,1387,1155,1230
2,1102,1195,1198,1356
3,1188,1270,1090,1306
-1
0,2071,2170,1198,1409
-1
0,1303,1400,1150,1307
1,1189,1274,1089,1306
2,1323,1386,1156,1230
3,1101,1194,1199,1357
-1
0,2067,2169,1199,1408
-1
0,1303,1399,1149,1309
1,1102,1198,1198,1357
2,1323,1386,1155,1230
3,1188,1272,1092,1310
-1
0,1302,1401,1149,1307
1,1323,1386,1155,1230
2,1102,1195,1197,1358
3,1187,1273,1093,1310
4,2065,2168,1195,1407
-1
0,2063,2166,1200,1408
-1
0,1104,1193,1197,1357
1,1301,1400,1151,1307
2,1323,1386,1156,1230
3,1191,1279,1094,1308
-1
0,1106,1193,1197,1359
1,1300,1399,1150,1306
2,1323,1385,1156,1230
3,2058,2167,1200,1408
-1
0,1191,1282,1092,1312
-1
0,1191,1283,1094,1311
1,1105,1192,1197,1357
2,1300,1400,1152,1306
3,2060,2167,1197,1407
-1
0,1103,1190,1197,1357
1,1300,1402,1151,1306
2,2055,2166,1195,1405
3,1192,1287,1092,1315
-1
0,1101,1191,1199,1359
1,1301,1402,1151,1307
2,1193,1287,1091,1319
3,2061,2147,1175,1391
-1
0,2055,2147,1175,1394
1,1193,1289,1091,1317
2,1100,1192,1199,1359
3,1303,1404,1150,1306
-1
0,2047,2146,1173,1388
1,1193,1287,1093,1317
2,1101,1193,1200,1358
3,1302,1402,1151,1305
4,1322,1386,1156,1231
-1
0,1194,1283,1093,1316
1,1302,1401,1151,1306
2,1323,1386,1156,1233
3,2042,2141,1174,1383
4,1101,1196,1199,1359
-1
0,2037,2138,1173,1380
1,1101,1200,1200,1360
2,1194,1286,1093,1319
3,1302,1399,1152,1306
4,1324,1386,1156,1232
-1
0,2031,2135,1169,1376
1,1101,1198,1200,1359
2,1195,1288,1094,1315
3,1302,1402,1154,1305
4,1322,1386,1155,1234
-1
0,2030,2135,1166,1373
1,1101,1200,1202,1359
2,1193,1289,1094,1319
3,1303,1401,1152,1306
4,1323,1386,1156,1234
-1
0,2028,2136,1166,1371
1,1193,1287,1095,1318
2,1100,1199,1201,1358
3,1304,1403,1153,1305
4,1323,1386,1156,1233
-1
0,2025,2128,1167,1368
1,1196,1287,1093,1319
2,1099,1202,1202,1358
3,1304,1403,1153,1306
4,1324,1385,1156,1233
-1
0,2027,2127,1165,1369
1,1195,1291,1096,1318
2,1099,1200,1202,1355
3,1324,1387,1156,1233
4,1306,1405,1152,1307
-1
0,2024,2129,1165,1368
1,1194,1289,1094,1325
2,1099,1200,1202,1354
3,1307,1402,1151,1308
4,1325,1387,1156,1232
-1
0,2012,2107,1135,1357
1,1182,1294,1103,1355
2,1099,1198,1203,1355
3,1223,1318,1104,1307
4,1307,1402,1150,1307
5,1156,1265,1195,1360
6,1325,1387,1157,1234
-1
0,1222,1317,1105,1304
1,2009,2107,1162,1370
2,1100,1197,1203,1355
3,1180,1290,1109,1351
4,1153,1258,1196,1362
5,1326,1387,1157,1232
6,1307,1403,1150,1305
-1
0,2005,2106,1164,1371
1,1185,1292,1099,1363
2,1222,1316,1105,1308
3,1099,1196,1202,1356
4,1163,1269,1191,1362
5,1327,1387,1157,1233
6,1309,1403,1150,1308
-1
0,2000,2103,1163,1374
1,1188,1295,1100,1364
2,1102,1197,1200,1356
3,1326,1388,1157,1234
-1
0,2004,2103,1134,1358
1,1189,1295,1102,1365
2,1100,1198,1200,1358
3,1224,1320,1109,1309
4,1325,1387,1157,1233
-1
0,2001,2100,1130,1357
1,1227,1322,1121,1341
2,1100,1202,1200,1360
3,1189,1288,1106,1360
4,1309,1399,1146,1319
-1
0,1097,1202,1199,1360
1,1225,1325,1124,1333
2,1186,1289,1114,1354
3,1321,1389,1158,1231
4,1307,1403,1149,1310
5,2000,2098,1129,1358
-1
0,1099,1198,1199,1358
1,1228,1328,1125,1333
2,1182,1288,1118,1351
3,1322,1389,1158,1232
4,1308,1403,1149,1311
5,1999,2093,1136,1356
-1
0,1227,1331,1122,1334
1,1098,1202,1198,1359
2,1320,1391,1159,1231
3,1306,1400,1148,1312
4,1154,1264,1192,1364
5,1994,2090,1138,1353
-1
0,1991,2082,1171,1364
1,1097,1204,1197,1361
2,1153,1264,1190,1363
3,1321,1392,1158,1229
4,1224,1328,1125,1335
-1
0,1098,1203,1197,1362
1,1322,1391,1157,1227
2,1224,1332,1120,1337
3,1985,2075,1138,1347
-1
0,1980,2065,1138,1342
1,1226,1328,1121,1335
2,1098,1203,1198,1361
3,1326,1392,1159,1230
4,1307,1397,1147,1313
-1
0,1222,1330,1116,1341
1,1976,2064,1136,1339
2,1097,1199,1199,1360
-1
0,1972,2059,1136,1340
1,1226,1331,1121,1337
2,1098,1199,1200,1359
-1
0,1962,2057,1129,1343
1,1223,1327,1119,1337
2,1098,1198,1200,1357
3,1329,1391,1158,1235
4,1313,1393,1145,1320
-1
0,1959,2055,1130,1342
1,1223,1330,1122,1337
2,1098,1200,1199,1359
3,1328,1390,1158,1235
-1
0,1160,1351,1128,1356
1,1096,1204,1196,1362
2,1954,2055,1130,1339
-1
0,1162,1348,1133,1357
1,1095,1210,1195,1365
2,1925,2029,1130,1337
-1
0,1141,1311,1144,1386
1,1242,1347,1119,1356
2,1925,2030,1134,1341
-1
0,1148,1318,1140,1389
1,1250,1348,1115,1367
2,1922,2032,1133,1344
-1
0,1923,2033,1137,1343
-1
0,1142,1315,1142,1395
1,1250,1350,1118,1363
-1
0,1145,1321,1141,1400
-1
0,1917,2032,1138,1345
-1
0,1158,1323,1140,1403
1,1914,2036,1136,1348
-1
0,1908,2039,1134,1345
1,1173,1335,1142,1407
2,1100,1215,1194,1366
3,1254,1356,1151,1392
-1
0,1907,2035,1135,1344
1,1162,1330,1146,1414
-1
0,1907,2023,1136,1342
1,1174,1345,1145,1407
-1
0,1173,1346,1145,1413
-1
0,1083,1222,1215,1389
1,1153,1329,1148,1414
-1
0,1083,1223,1214,1389
1,1271,1461,1144,1424
-1
0,1272,1448,1134,1425
1,1883,1992,1132,1335
-1
0,1083,1225,1215,1388
1,1186,1359,1149,1412
-1
0,1273,1447,1139,1424
-1
0,1087,1227,1216,1388
1,1880,1992,1133,1329
-1
0,1834,1959,1135,1285
-1
0,1088,1226,1216,1386
-1
0,1842,1962,1138,1336
1,1296,1397,1104,1450
2,1092,1225,1218,1386
-1
0,1196,1359,1156,1412
1,1094,1225,1221,1385
2,1155,1244,1212,1389
3,1846,1958,1138,1333
4,1297,1399,1102,1451
-1
0,1845,1958,1137,1331
1,1299,1402,1103,1447
2,1094,1224,1222,1385
3,1185,1352,1157,1410
4,1160,1249,1212,1391
-1
0,1162,1249,1208,1392
1,1196,1369,1162,1413
2,1096,1221,1220,1386
3,1841,1953,1138,1333
4,1301,1403,1114,1438
-1
0,1096,1225,1219,1386
1,1842,1952,1138,1334
2,1296,1410,1125,1432
3,1199,1372,1163,1410
4,1156,1249,1207,1390
-1
0,1300,1407,1112,1455
1,1162,1250,1208,1388
2,1841,1946,1138,1334
-1
0,1298,1405,1183,1419
1,1152,1254,1186,1379
2,1839,1943,1138,1336
-1
0,1298,1414,1177,1428
1,1151,1255,1183,1381
2,1193,1358,1165,1424
-1
0,1836,1938,1137,1338
-1
0,1302,1411,1185,1420
1,1150,1255,1180,1383
2,1195,1357,1168,1426
-1
0,1835,1935,1135,1336
-1
0,1147,1254,1179,1383
1,1835,1930,1144,1332
-1
0,1303,1415,1186,1423
-1
0,1143,1253,1178,1384
1,1828,1928,1139,1331
2,1302,1406,1190,1418
-1
0,1304,1414,1196,1418
1,1142,1250,1176,1384
2,1819,1915,1140,1326
-1
0,1142,1247,1172,1385
1,1810,1910,1130,1336
2,1306,1416,1192,1419
-1
0,1308,1421,1190,1422
1,1814,1910,1132,1330
2,1141,1252,1171,1384
-1
0,1809,1911,1127,1336
1,1171,1329,1156,1427
2,1142,1250,1169,1380
3,1299,1458,1153,1465
-1
0,1789,1880,1138,1329
1,1158,1312,1153,1424
2,1141,1251,1169,1380
3,1313,1468,1156,1462
-1
0,1141,1249,1165,1381
1,1792,1876,1133,1330
2,1320,1476,1155,1463
3,1298,1397,1155,1306
-1
0,1791,1877,1131,1333
1,1140,1247,1160,1379
2,1328,1485,1155,1465
3,1297,1397,1155,1307
-1
0,1298,1394,1155,1308
1,1329,1497,1206,1473
2,1790,1873,1135,1325
3,1141,1246,1157,1382
-1
0,1139,1249,1152,1381
1,1299,1397,1156,1308
2,1787,1872,1136,1325
-1
0,1784,1868,1133,1322
1,1140,1249,1153,1382
2,1298,1391,1155,1305
3,1334,1490,1203,1474
-1
0,1777,1858,1135,1323
1,1142,1247,1155,1378
2,1299,1396,1157,1305
3,1338,1513,1211,1467
-1
0,1300,1392,1157,1303
1,1354,1510,1201,1473
2,1770,1854,1130,1330
3,1146,1250,1155,1379
-1
0,1764,1853,1134,1326
1,1145,1249,1154,1377
2,1355,1512,1199,1478
3,1299,1394,1158,1304
-1
0,1763,1849,1133,1328
1,1143,1248,1150,1376
2,1299,1394,1158,1304
3,1367,1512,1194,1491
-1
0,1757,1847,1133,1325
1,1144,1246,1147,1376
2,1372,1512,1189,1504
3,1299,1394,1157,1306
-1
0,1756,1842,1131,1328
1,1148,1246,1124,1370
2,1299,1395,1155,1309
3,1372,1519,1197,1509
-1
0,1753,1842,1128,1325
1,1377,1523,1199,1514
2,1146,1243,1124,1369
3,1298,1396,1156,1306
-1
0,1750,1839,1128,1329
1,1383,1533,1204,1518
2,1147,1240,1125,1366
3,1300,1396,1156,1307
-1
0,1748,1838,1125,1331
1,1384,1538,1206,1517
-1