-1
0,2204,2316,1195,1353
1,2072,2252,1210,1514
-1
0,1418,1517,1117,1360
-1
0,2205,2318,1195,1353
1,1413,1571,1108,1368
2,2088,2260,1201,1512
-1
0,2212,2319,1194,1354
1,1417,1567,1111,1367
2,2089,2264,1198,1514
-1
0,1423,1574,1112,1370
1,2096,2265,1198,1515
-1
0,1425,1574,1113,1368
-1
0,2108,2265,1194,1515
-1
0,1424,1575,1110,1375
-1
0,2112,2268,1194,1510
-1
0,2120,2266,1194,1512
-1
0,1430,1577,1109,1378
-1
0,2122,2279,1181,1515
1,2196,2275,1075,1330
2,1437,1578,1107,1385
-1
0,1442,1579,1102,1389
1,2144,2301,1167,1529
-1
0,1445,1585,1103,1390
1,2151,2299,1156,1535
-1
0,1450,1586,1097,1396
1,2157,2298,1166,1534
-1
0,2164,2304,1172,1522
1,1456,1590,1091,1401
2,2202,2278,1088,1241
-1
0,1454,1589,1094,1402
1,2166,2304,1173,1515
-1
0,1456,1590,1095,1400
1,2173,2309,1176,1508
-1
0,1456,1597,1106,1428
1,2218,2288,1084,1241
2,2175,2308,1136,1495
-1
0,2223,2297,1086,1238
1,1473,1593,1132,1390
2,2179,2329,1186,1494
-1
0,2221,2298,1090,1242
1,1477,1595,1137,1384
2,2182,2354,1196,1485
-1
0,2225,2299,1088,1242
1,1472,1614,1112,1427
2,2188,2369,1198,1486
-1
0,1481,1618,1110,1430
1,2228,2300,1086,1242
2,2193,2379,1192,1488
-1
0,1477,1618,1108,1429
1,2231,2300,1087,1243
2,2201,2393,1195,1485
-1
0,2234,2306,1090,1243
1,1487,1624,1115,1430
2,2211,2397,1202,1480
-1
0,2233,2305,1087,1241
1,1491,1634,1117,1422
2,2213,2402,1202,1476
-1
0,1508,1618,1127,1411
1,2233,2308,1086,1238
2,2222,2392,1144,1477
-1
0,2230,2307,1086,1238
1,1514,1626,1123,1408
2,2226,2389,1138,1479
-1
0,2230,2305,1085,1237
1,2230,2400,1128,1475
2,1519,1628,1120,1417
-1
0,2229,2309,1086,1237
1,1525,1636,1116,1427
2,2239,2409,1132,1477
-1
0,1531,1642,1122,1429
1,2242,2410,1123,1483
-1
0,2228,2303,1084,1236
1,1532,1647,1128,1411
2,2243,2418,1131,1475
-1
0,2244,2417,1125,1473
-1
0,1534,1655,1133,1411
-1
0,1538,1662,1128,1425
1,2226,2301,1085,1238
2,2246,2429,1139,1484
-1
0,2224,2295,1085,1238
1,2295,2407,1187,1438
2,1524,1678,1130,1429
3,2246,2433,1136,1474
-1
0,2225,2297,1086,1238
1,1525,1690,1130,1429
2,2249,2431,1143,1472
-1
0,2224,2292,1085,1238
1,1531,1693,1129,1430
2,2246,2437,1149,1469
-1
0,1528,1699,1129,1429
1,2221,2291,1089,1242
2,2254,2430,1149,1458
-1
0,1565,1725,1132,1438
1,2220,2288,1086,1244
2,2295,2451,1147,1473
-1
0,2216,2286,1087,1241
1,1567,1726,1128,1444
2,2298,2450,1148,1472
-1
0,2302,2449,1145,1468
1,2202,2313,1186,1359
2,2215,2280,1087,1238
3,1562,1726,1128,1445
-1
0,2305,2450,1142,1471
1,2211,2280,1090,1235
2,2203,2312,1188,1358
3,1567,1731,1127,1453
-1
0,2203,2314,1185,1360
1,2314,2448,1137,1469
2,2207,2274,1087,1240
3,1567,1736,1130,1453
-1
0,2206,2272,1087,1238
1,2250,2404,1144,1450
2,2203,2317,1186,1361
3,1566,1738,1132,1451
4,2321,2450,1134,1480
-1
0,2205,2272,1089,1241
1,2202,2315,1189,1360
2,1574,1736,1132,1447
3,2322,2452,1134,1475
-1
0,1576,1743,1134,1447
1,2201,2267,1088,1241
2,2202,2313,1188,1360
3,2328,2454,1132,1467
-1
0,2203,2316,1189,1360
1,1577,1737,1129,1455
2,2199,2279,1078,1330
3,2327,2458,1132,1460
-1
0,2201,2314,1186,1364
1,1582,1747,1127,1445
2,2323,2461,1126,1443
3,2200,2267,1089,1244
-1
0,2200,2310,1184,1365
1,1591,1756,1130,1449
2,2325,2468,1125,1429
3,2199,2273,1080,1326
-1
0,2200,2310,1181,1364
1,1594,1757,1129,1443
2,2326,2472,1122,1425
-1
0,2340,2456,1137,1395
1,2200,2311,1183,1364
2,1607,1772,1146,1446
-1
0,2200,2310,1185,1361
1,2328,2477,1118,1421
2,1615,1767,1147,1451
-1
0,2198,2309,1187,1363
1,2326,2477,1120,1417
2,1627,1779,1147,1465
-1
0,2328,2475,1118,1420
1,2198,2310,1190,1362
2,1638,1797,1145,1470
-1
0,2198,2310,1189,1364
1,2151,2232,1087,1248
2,2325,2475,1118,1420
3,1645,1805,1143,1475
-1
0,2328,2473,1117,1428
1,2197,2307,1187,1364
2,1649,1809,1144,1478
-1
0,2196,2305,1188,1361
1,2334,2473,1116,1427
2,1653,1816,1146,1479
-1
0,2351,2459,1141,1383
1,2194,2306,1192,1360
2,1662,1826,1145,1479
-1
0,2192,2307,1190,1363
1,2351,2469,1120,1379
2,1666,1833,1147,1478
-1
0,2192,2307,1191,1362
1,2355,2458,1145,1377
2,1662,1842,1143,1475
-1
0,2194,2307,1192,1363
1,2139,2211,1090,1253
2,1666,1850,1141,1473
3,2358,2459,1141,1380
-1
0,1666,1853,1138,1478
1,2139,2209,1089,1254
2,2195,2308,1190,1365
3,2354,2470,1115,1385
-1
0,1711,1862,1149,1477
1,2194,2306,1189,1365
2,2125,2204,1087,1253
3,2354,2469,1117,1381
-1
0,2195,2306,1192,1363
1,1711,1866,1152,1473
2,2124,2198,1086,1256
3,2352,2468,1128,1366
-1
0,1717,1867,1147,1474
1,2123,2193,1087,1254
2,2196,2308,1191,1363
3,2354,2470,1128,1365
-1
0,1716,1872,1142,1481
1,2123,2189,1085,1252
2,2196,2308,1193,1362
3,2353,2471,1127,1365
-1
0,1724,1878,1147,1479
1,2121,2183,1086,1254
2,2197,2310,1193,1363
3,2356,2469,1125,1361
-1
0,1726,1874,1144,1484
1,2117,2182,1085,1259
2,2081,2161,1080,1253
3,2196,2310,1194,1364
4,2351,2467,1125,1355
-1
0,1740,1887,1145,1484
1,2083,2159,1080,1252
2,2116,2183,1088,1254
3,2197,2313,1195,1365
4,2354,2464,1124,1352
-1
0,2197,2312,1195,1362
1,1754,1889,1147,1484
2,2085,2157,1080,1253
3,2357,2462,1115,1348
-1
0,2357,2462,1118,1347
-1
0,2198,2312,1194,1362
1,1762,1910,1137,1486
-1
0,2086,2152,1074,1257
1,2198,2311,1194,1361
2,2356,2456,1116,1344
3,1773,1916,1148,1487
-1
0,1779,1926,1144,1489
1,2361,2451,1114,1343
2,2198,2311,1195,1362
3,2082,2152,1078,1255
-1
0,1793,1943,1145,1491
1,2364,2448,1109,1348
2,2197,2311,1196,1361
3,2081,2155,1086,1252
-1
0,2366,2454,1108,1348
1,2199,2311,1195,1360
2,2079,2152,1085,1250
3,1791,1947,1151,1488
-1
0,2198,2311,1195,1360
1,2366,2448,1108,1344
2,2077,2150,1082,1257
3,1796,1955,1148,1491
-1
0,1802,1965,1143,1491
-1
0,2196,2310,1194,1361
1,2352,2460,1099,1323
-1
0,2195,2312,1193,1362
1,2350,2457,1099,1324
2,1812,1972,1143,1493
-1
0,1823,1977,1137,1499
-1
0,2197,2312,1194,1360
1,2356,2445,1106,1349
-1
0,2349,2440,1103,1351
1,2197,2312,1195,1359
2,1823,1988,1136,1501
-1
0,2353,2438,1105,1350
1,2199,2311,1193,1360
2,1826,1986,1132,1503
-1
0,2197,2310,1193,1360
1,2342,2429,1095,1324
2,1852,2013,1146,1492
-1
0,2197,2313,1192,1361
1,2337,2423,1090,1331
2,1855,2027,1148,1493
-1
0,1854,2034,1147,1492
-1
0,2198,2316,1194,1362
1,2340,2421,1095,1318
-1
0,1859,2036,1169,1503
-1
0,2335,2416,1094,1317
1,2196,2319,1196,1362
-1
0,2331,2416,1093,1314
1,2195,2317,1195,1362
2,1865,2042,1146,1493
-1
0,2326,2416,1090,1312
1,2196,2315,1196,1361
2,1865,2044,1169,1501
-1
0,1871,2053,1138,1499
-1
0,2323,2418,1089,1308
1,2196,2315,1195,1362
2,1987,2104,1093,1236
-1
0,2197,2314,1194,1361
1,1878,2049,1128,1500
-1
0,2320,2418,1086,1309
-1
0,2198,2314,1194,1360
1,1895,2063,1129,1495
-1
0,2318,2422,1092,1304
-1
0,2195,2315,1196,1359
1,1895,2075,1133,1481
2,2318,2399,1085,1311
-1
0,2195,2314,1194,1361
1,2317,2395,1087,1312
-1
0,1904,2092,1119,1478
-1
0,2196,2318,1193,1358
-1
0,2315,2395,1080,1314
-1
0,2313,2392,1090,1305
-1
0,2197,2316,1194,1359
1,1974,2089,1084,1239
-1
0,2309,2393,1085,1314
-1
0,2194,2315,1193,1360
1,1976,2093,1087,1231
-1
0,2196,2316,1195,1358
-1
0,2305,2385,1082,1317
-1
0,2301,2380,1079,1320
-1
0,2198,2317,1196,1357
-1
0,2200,2313,1198,1358
-1
0,1964,2143,1141,1472
1,1979,2084,1088,1237
2,2295,2372,1077,1322
-1
0,2292,2374,1082,1317
-1
0,2005,2172,1152,1474
1,2201,2314,1194,1359
-1
0,2203,2315,1195,1361
1,1971,2066,1093,1245
2,2278,2363,1090,1310
-1
0,2010,2170,1191,1480
-1
0,2276,2363,1088,1306
-1
0,2016,2196,1194,1478
1,2202,2315,1195,1359
2,1972,2070,1097,1241
-1
0,2199,2314,1194,1357
1,1971,2072,1093,1250
2,2014,2191,1161,1471
3,2273,2357,1087,1308
-1
0,2197,2311,1192,1359
1,2020,2196,1159,1469
2,2271,2350,1087,1308
-1
0,2028,2206,1195,1482
1,2269,2350,1087,1308
-1
0,2198,2310,1193,1355
-1
0,2199,2311,1193,1355
1,2266,2348,1088,1311
-1
0,2031,2213,1198,1481
-1
0,2199,2313,1192,1355
1,2263,2345,1086,1312
-1
0,2035,2219,1152,1468
-1
0,2036,2240,1148,1462
-1
0,2201,2317,1190,1355
1,2258,2344,1082,1315
-1
0,2230,2329,1071,1326
1,2202,2317,1186,1355
2,2050,2248,1153,1462
-1
0,2062,2264,1156,1467
-1
0,2230,2331,1065,1327
1,2202,2320,1187,1353
-1
0,2073,2264,1154,1466
-1
0,2231,2328,1071,1325
1,2204,2321,1187,1353
-1
0,2064,2284,1153,1462
-1
0,2230,2326,1070,1326
-1
0,2071,2283,1152,1463
-1
0,2227,2321,1065,1334
-1
0,2220,2316,1067,1332
1,2088,2280,1145,1456
-1
0,2100,2277,1134,1456
-1
0,2218,2313,1043,1359
-1
0,2213,2309,1058,1339
1,2113,2283,1135,1456
-1
0,2154,2303,1110,1468
-1
0,1893,1988,1097,1287
-1
0,1892,1985,1096,1288
1,2159,2304,1128,1469
-1
0,1858,1952,1098,1292
1,2162,2304,1118,1468
-1
0,1855,1954,1097,1289
-1
0,2171,2310,1112,1475
-1
0,1852,1951,1096,1291
1,2175,2316,1123,1473
-1
0,2172,2322,1127,1468
-1
0,1849,1948,1100,1290
-1
0,2174,2317,1118,1470
-1
0,1850,1945,1095,1292
-1
0,1854,1940,1104,1291
-1
0,2179,2318,1116,1466
-1
0,1850,1941,1103,1296
-1
0,2178,2318,1125,1464
-1
0,2174,2317,1121,1462
-1
0,2149,2230,1075,1256
-1
0,2186,2332,1134,1449
-1
0,2151,2229,1074,1258
-1
0,2187,2328,1132,1453
-1
0,2193,2335,1129,1449
-1
0,2142,2220,1071,1258
1,1822,1914,1096,1297
2,2202,2345,1128,1444
-1
0,2250,2353,1139,1416
-1
0,1819,1909,1101,1290
-1
0,2254,2356,1132,1429
-1
0,1813,1911,1095,1295
1,2138,2215,1076,1250
2,2211,2284,1178,1369
-1
0,2260,2359,1128,1430
-1
0,1812,1906,1094,1297
1,2200,2282,1179,1369
2,2133,2205,1079,1250
-1
0,1791,1875,1096,1295
1,2123,2195,1073,1256
2,2200,2283,1181,1371
3,2267,2365,1133,1423
-1
0,2269,2368,1124,1431
1,2120,2190,1076,1252
2,2196,2287,1177,1372
3,1788,1874,1090,1300
-1
0,2196,2292,1180,1371
1,2117,2187,1075,1254
2,2272,2374,1135,1426
3,1785,1873,1090,1304
-1
0,2218,2371,1140,1418
1,2118,2184,1076,1252
2,1784,1872,1094,1304
-1
0,2198,2296,1178,1370
-1
0,2279,2378,1137,1417
1,2117,2181,1079,1250
2,2201,2298,1179,1369
3,1783,1874,1093,1303
-1
0,2202,2302,1182,1367
-1
0,1779,1869,1096,1300
1,2089,2166,1076,1255
2,2279,2386,1150,1397
-1
0,2201,2302,1182,1364
1,2096,2165,1076,1257
2,2224,2388,1146,1400
3,2286,2376,1107,1371
4,1776,1869,1096,1305
-1
0,1771,1867,1095,1301
1,2204,2303,1181,1363
-1
0,2093,2159,1078,1253
-1
0,2202,2300,1182,1364
1,1758,1863,1092,1303
-1
0,2092,2159,1082,1252
-1
0,1754,1858,1091,1306
-1
0,2089,2159,1081,1250
1,2201,2302,1184,1363
-1
0,2200,2304,1184,1365
-1
0,2081,2156,1084,1250
-1
0,2079,2157,1079,1255
-1
0,2202,2301,1184,1365
-1
0,2204,2303,1184,1366
1,2080,2155,1084,1256
-1
0,2200,2304,1185,1365
-1
0,2077,2152,1083,1254
-1
0,2075,2151,1086,1248
-1
0,2200,2306,1186,1368
-1
0,2199,2305,1187,1367
1,2074,2152,1086,1251
-1
0,2076,2149,1082,1255
-1
0,2197,2305,1185,1367
-1
0,2067,2145,1087,1256
-1
0,1713,1792,1085,1254
1,2196,2305,1183,1367
-1
0,2065,2145,1087,1258
-1
0,1709,1788,1085,1257
1,2195,2304,1184,1367
-1
0,1703,1788,1083,1263
1,2070,2145,1086,1261
2,2195,2305,1185,1364
-1
0,2194,2307,1184,1363
-1
0,2065,2140,1083,1266
-1
0,2197,2307,1186,1362
-1
0,1687,1776,1092,1286
1,2063,2141,1087,1262
-1
0,2058,2137,1098,1285
-1
0,1680,1773,1095,1287
1,2195,2306,1187,1361
-1
0,2057,2132,1096,1288
1,1675,1766,1085,1290
2,2194,2306,1189,1360
-1
0,2054,2128,1083,1267
1,1667,1760,1086,1290
2,2193,2306,1189,1358
-1
0,2194,2306,1189,1360
-1
0,1670,1756,1087,1289
1,2049,2131,1103,1283
-1
0,2197,2306,1188,1361
-1
0,1667,1754,1090,1288
-1
0,2196,2306,1190,1360
-1
0,1666,1747,1081,1261
1,2043,2125,1109,1281
-1
0,2042,2122,1110,1282
-1
0,1646,1735,1081,1264
1,2196,2306,1190,1360
-1
0,2197,2305,1189,1360
-1
0,2041,2121,1117,1280
1,1646,1730,1081,1262
-1
0,2197,2306,1189,1360
-1
0,2041,2120,1120,1278
1,1640,1731,1081,1254
-1
0,1637,1728,1077,1253
1,2197,2305,1188,1361
-1
0,2035,2122,1124,1278
-1
0,1634,1723,1078,1253
1,2196,2304,1190,1361
-1
0,2035,2120,1126,1277
-1
0,2196,2304,1190,1360
-1
0,2037,2120,1130,1277
1,1627,1722,1077,1263
-1
0,2038,2120,1131,1275
1,1626,1715,1077,1259
-1
0,2197,2305,1191,1359
-1
0,2198,2306,1190,1359
1,1621,1699,1076,1255
-1
0,2038,2121,1134,1274
-1
0,1619,1698,1074,1256
-1
0,2197,2307,1189,1360
1,2038,2122,1136,1273
-1
0,2308,2399,1084,1327
1,2038,2120,1135,1273
2,2197,2308,1189,1360
-1
0,1613,1693,1076,1259
-1
0,2305,2403,1082,1327
1,2038,2120,1136,1273
2,2196,2307,1189,1361
-1
0,1611,1696,1078,1258
-1
0,1606,1684,1076,1254
-1
0,2007,2096,1133,1271
1,2305,2404,1079,1326
2,2195,2306,1189,1362
-1
0,2037,2121,1137,1274
1,2305,2400,1077,1329
2,2195,2306,1189,1362
-1
0,1607,1686,1077,1265
-1
0,1598,1683,1073,1262
-1
0,2305,2398,1081,1321
1,2037,2122,1136,1274
2,2195,2308,1189,1363
-1
0,1599,1685,1077,1261
1,2037,2122,1136,1275
2,2195,2308,1188,1361
-1
0,2302,2398,1076,1325
-1
0,2300,2396,1077,1325
-1
0,2196,2309,1186,1361
-1
0,2300,2394,1074,1329
1,2195,2309,1185,1363
-1
0,2012,2095,1129,1273
-1
0,2014,2097,1127,1273
1,2195,2308,1187,1361
-1
0,2303,2390,1078,1324
-1
0,2304,2390,1077,1327
1,2195,2309,1187,1362
-1
0,2013,2095,1124,1274
-1
0,2301,2391,1075,1331
-1
0,1569,1641,1074,1257
1,2013,2095,1122,1272
2,2197,2312,1189,1361
-1
0,2196,2311,1189,1361
-1
0,2012,2095,1119,1273
1,2302,2389,1073,1330
-1
0,2303,2386,1068,1332
1,2196,2311,1190,1361
-1
0,1564,1639,1076,1254
1,2013,2096,1121,1273
-1
0,2300,2384,1065,1333
-1
0,2197,2313,1189,1362
-1
0,2295,2375,1065,1330
-1
0,2198,2315,1188,1363
-1
0,2198,2312,1186,1362
-1
0,2295,2380,1069,1327
1,1550,1635,1071,1262
-1
0,2296,2377,1060,1334
1,2199,2313,1185,1364
-1
0,2200,2316,1185,1364
-1
0,1543,1628,1070,1264
1,2296,2373,1058,1333
-1
0,2295,2370,1058,1334
1,2198,2313,1183,1365
-1
0,1535,1627,1070,1267
-1
0,1531,1621,1075,1265
-1
0,2199,2318,1184,1365
-1
0,1527,1621,1070,1272
-1
0,2199,2318,1183,1365
-1
0,1529,1611,1074,1266
-1
0,2200,2319,1185,1363
-1
0,2200,2320,1185,1363
-1
0,2200,2319,1183,1364
-1
0,2011,2095,1111,1274
-1
0,2011,2096,1110,1273
1,2198,2317,1182,1365
-1
0,1522,1604,1067,1271
-1
0,2195,2313,1183,1365
-1
0,2010,2096,1110,1274
-1
0,2195,2316,1185,1364
-1
0,2010,2097,1111,1275
-1
0,1496,1576,1076,1265
1,2194,2313,1183,1365
-1
0,2011,2096,1111,1274
-1
0,1492,1575,1078,1265
-1
0,2011,2095,1111,1274
1,2194,2311,1183,1364
-1
0,1491,1573,1079,1263
-1
0,2011,2094,1113,1275
1,2194,2311,1184,1364
-1
0,1488,1568,1078,1263
-1
0,2011,2094,1113,1274
1,2195,2311,1184,1364
-1
0,1485,1562,1080,1262
-1
0,2036,2118,1114,1275
1,2195,2311,1183,1363
-1
0,1476,1563,1073,1272
-1
0,2036,2119,1113,1276
1,2197,2311,1182,1362
-1
0,1474,1558,1076,1270
-1
0,2037,2118,1112,1277
1,2197,2312,1183,1362
-1
0,2036,2118,1112,1276
1,1464,1554,1074,1276
-1
0,2199,2315,1182,1361
-1
0,2011,2094,1114,1274
1,1463,1557,1069,1283
-1
0,2198,2313,1182,1362
-1
0,2200,2316,1185,1363
-1
0,2037,2120,1114,1274
1,1461,1551,1073,1277
-1
0,1457,1549,1070,1282
-1
0,2011,2095,1113,1273
1,2200,2316,1183,1363
-1
0,1457,1548,1072,1280
-1
0,2012,2095,1112,1272
1,2200,2318,1186,1361
-1
0,1452,1541,1070,1284
-1
0,2012,2096,1113,1273
1,2198,2316,1187,1361
-1
0,1450,1540,1071,1282
-1
0,2012,2095,1112,1272
1,2198,2316,1188,1362
-1
0,1451,1536,1076,1275
-1
0,2013,2095,1114,1272
1,2199,2313,1187,1361
-1
0,1448,1530,1075,1274
-1
0,2013,2095,1114,1271
1,2200,2313,1185,1363
-1
0,2200,2314,1187,1362
-1
0,1448,1527,1077,1272
1,2013,2094,1114,1272
-1
0,2198,2313,1186,1363
1,1424,1508,1080,1273
2,2012,2095,1113,1272
-1
0,2198,2315,1185,1364
1,1422,1509,1075,1275
2,2012,2095,1113,1272
-1
0,1418,1507,1076,1274
1,2204,2264,1072,1246
2,2013,2093,1114,1272
3,2198,2314,1187,1362
-1
0,2198,2314,1190,1361
1,1419,1507,1076,1270
2,2201,2259,1075,1244
3,2013,2092,1112,1273
-1
0,2200,2259,1074,1244
-1
0,1414,1507,1078,1265
1,2012,2091,1113,1271
2,2198,2314,1191,1360
-1
0,2198,2314,1191,1360
1,1405,1505,1076,1266
2,2011,2093,1113,1271
3,2195,2256,1074,1246
-1
0,2198,2314,1191,1360
1,1408,1504,1079,1263
-1
0,1405,1504,1077,1266
1,2199,2313,1191,1360
-1
0,2199,2314,1190,1360
1,1408,1502,1089,1298
-1
0,1407,1500,1086,1304
1,2199,2315,1191,1359
-1
0,1405,1497,1084,1307
1,2198,2314,1189,1361
-1
0,2199,2313,1190,1360
1,1399,1499,1086,1311
-1
0,1398,1502,1092,1308
-1
0,2199,2313,1190,1360
-1
0,2199,2314,1192,1360
1,1397,1492,1090,1313
-1
0,2118,2206,1072,1259
1,2200,2314,1192,1359
-1
0,1387,1494,1094,1318
-1
0,2199,2314,1193,1360
-1
0,1383,1487,1082,1324
-1
0,2200,2314,1192,1360
-1
0,2199,2314,1192,1359
1,1383,1477,1075,1330
-1
0,1380,1473,1081,1324
1,2200,2314,1192,1359
-1
0,2200,2314,1193,1360
1,2072,2153,1081,1257
2,1381,1471,1085,1322
-1
0,2200,2315,1193,1361
1,1381,1469,1089,1318
2,2073,2155,1086,1255
-1
0,1379,1466,1086,1319
-1
0,2200,2314,1193,1361
1,2075,2157,1087,1254
-1
0,1375,1471,1081,1321
-1
0,2200,2315,1194,1362
1,2074,2154,1086,1254
-1
0,2201,2315,1194,1361
-1
0,2075,2154,1088,1253
1,1376,1466,1077,1326
-1
0,2201,2315,1195,1361
-1
0,2071,2151,1086,1250
1,1375,1467,1079,1333
-1
0,2202,2316,1195,1362
-1
0,2067,2149,1086,1254
1,1374,1465,1074,1338
-1
0,2069,2150,1082,1257
-1
0,2201,2315,1195,1363
1,1374,1465,1082,1336
-1
0,2064,2145,1085,1257
1,1374,1463,1075,1343
-1
0,2202,2315,1195,1361
-1
0,2063,2140,1089,1256
1,1344,1427,1129,1335
2,2201,2315,1195,1361
-1
0,1374,1463,1078,1340
-1
0,2062,2138,1087,1257
1,1345,1425,1127,1338
2,2201,2315,1196,1359
-1
0,1374,1464,1083,1340
-1
0,2060,2131,1086,1261
1,2201,2314,1197,1360
-1
0,1368,1455,1114,1337
-1
0,1366,1453,1116,1337
-1
0,2201,2314,1197,1360
1,2055,2127,1082,1266
-1
0,1365,1453,1114,1340
1,2048,2124,1081,1264
2,2199,2313,1196,1359
-1
0,2051,2121,1079,1268
1,2198,2312,1195,1360
-1
0,1365,1452,1114,1343
-1
0,2049,2119,1080,1266
1,2198,2312,1196,1359
-1
0,1365,1453,1115,1344
-1
0,1364,1453,1113,1343
1,2046,2119,1079,1266
2,2197,2311,1197,1359
-1
0,1362,1456,1115,1346
1,2198,2311,1196,1359
-1
0,1364,1454,1118,1346
1,2201,2312,1197,1360
-1
0,2200,2313,1197,1360
-1
0,1363,1455,1120,1351
-1
0,1360,1458,1118,1351
-1
0,2201,2312,1196,1360
-1
0,1358,1461,1119,1358
-1
0,2200,2313,1196,1359
-1
0,2200,2313,1197,1361
1,1357,1461,1115,1369
-1
0,2201,2315,1197,1361
1,1356,1464,1109,1381
-1
0,2200,2314,1197,1360
1,1354,1465,1108,1382
-1
0,2201,2316,1197,1360
1,1356,1467,1109,1384
-1
0,2201,2316,1197,1360
1,1355,1470,1133,1392
-1
0,1359,1469,1133,1393
1,2201,2317,1197,1360
-1
0,2200,2316,1197,1361
1,1357,1470,1139,1391
-1
0,2200,2317,1197,1360
1,1979,2097,1071,1272
2,1358,1474,1141,1387
-1
0,1985,2100,1073,1272
1,1364,1483,1144,1384
2,2200,2315,1197,1359
-1
0,2200,2315,1197,1360
1,1367,1489,1145,1382
-1
0,2199,2314,1197,1360
-1
0,2043,2117,1119,1276
1,1373,1497,1142,1386
-1
0,2044,2116,1119,1274
1,1374,1497,1138,1391
-1
0,2200,2315,1197,1360
-1
0,2200,2315,1197,1360
1,2044,2118,1123,1276
2,1994,2087,1107,1279
3,1383,1500,1132,1396
-1
0,2200,2315,1196,1359
1,2043,2117,1126,1275
2,1388,1506,1135,1395
-1
0,2199,2315,1196,1360
1,2040,2120,1128,1275
2,1392,1512,1133,1396
-1
0,2200,2316,1196,1359
1,2039,2120,1131,1274
2,1393,1508,1133,1400
-1
0,2200,2316,1197,1360
1,2038,2122,1129,1273
2,1995,2092,1123,1274
3,1379,1535,1132,1414
-1
0,1378,1532,1132,1426
-1
0,2199,2315,1197,1360
1,2038,2121,1132,1274
-1
0,2038,2121,1133,1271
1,1385,1535,1135,1439
-1
0,2200,2316,1197,1360
-1
0,2200,2317,1197,1361
1,2037,2122,1132,1271
2,1893,1997,1069,1264
3,1389,1544,1135,1443
-1
0,1391,1544,1136,1450
-1
0,2200,2316,1197,1360
1,2040,2121,1133,1271
-1
0,1898,1992,1069,1263
1,1410,1562,1131,1461
2,2200,2316,1197,1361
3,2038,2122,1132,1269
-1
0,1413,1567,1136,1458
-1
0,2200,2317,1197,1361
1,2041,2121,1129,1270
-1
0,2038,2121,1129,1267
1,1417,1567,1135,1467
2,2200,2316,1197,1360
-1
0,1418,1574,1143,1464
1,2201,2318,1197,1362
2,2043,2121,1120,1266
-1
0,2201,2317,1197,1360
1,2043,2122,1116,1266
2,1891,2005,1071,1269
3,1427,1573,1143,1471
-1
0,2042,2122,1114,1265
1,1429,1571,1138,1473
2,2200,2317,1197,1361
-1
0,2200,2317,1197,1361
1,2043,2120,1111,1266
2,1431,1565,1141,1473
-1
0,2200,2317,1197,1361
1,1445,1557,1133,1491
-1
0,1450,1561,1149,1467
1,2200,2317,1196,1360
-1
0,1460,1567,1147,1465
1,2200,2317,1196,1360
-1
0,1464,1573,1150,1459
1,2200,2317,1196,1360
-1
0,1468,1576,1147,1466
1,2199,2317,1196,1360
-1
0,1471,1579,1152,1466
1,2199,2318,1196,1360
-1
0,1472,1582,1155,1463
1,2199,2317,1197,1361
-1
0,1473,1588,1160,1465
1,2199,2317,1196,1360
-1
0,1468,1607,1156,1470
1,2199,2317,1197,1360
-1
0,2200,2319,1198,1361
1,1475,1622,1165,1471
-1
0,2199,2318,1198,1361
1,2044,2120,1075,1262
2,1482,1636,1157,1478
-1
0,2199,2318,1198,1360
1,1486,1663,1191,1482
-1
0,1486,1668,1193,1483
1,2199,2319,1199,1360
-1
0,2200,2320,1199,1360
1,1485,1671,1193,1481
-1
0,2199,2319,1199,1360
1,1487,1675,1191,1486
-1
0,2052,2120,1070,1257
1,2200,2319,1199,1361
2,1495,1672,1190,1485
-1
0,2051,2121,1069,1259
1,2199,2318,1199,1361
2,1506,1674,1188,1487
-1
0,1509,1678,1188,1489
-1
0,2199,2318,1199,1361
1,2053,2123,1067,1257
-1
0,1514,1680,1185,1491
-1
0,2200,2320,1199,1361
1,2051,2124,1065,1257
-1
0,2050,2124,1061,1259
1,2200,2320,1199,1360
2,1527,1683,1188,1493
-1
0,2201,2321,1199,1361
1,2050,2124,1062,1258
2,1533,1689,1185,1495
-1
0,2047,2125,1061,1260
1,2200,2320,1199,1362
2,1546,1726,1188,1488
-1
0,2050,2127,1061,1257
1,2201,2321,1199,1361
2,1555,1716,1190,1496
-1
0,1564,1722,1195,1501
-1
0,2052,2128,1061,1257
1,2201,2321,1198,1360
-1
0,2200,2320,1198,1361
-1
0,2050,2127,1062,1257
1,1570,1738,1197,1507
-1
0,2200,2319,1198,1361
-1
0,2049,2127,1063,1256
1,1575,1747,1196,1515
-1
0,2045,2126,1065,1259
1,2200,2319,1198,1361
2,1582,1764,1203,1515
-1
